IRIS2	Type	UnderAge25	OverAge65	ForeignPop	LabourForce	MenLabourForce	WomenLabourForce	UnemployedForeigners	UnemployedTotal	UnemployedAge1524	UnemployedOverAge50	UnemployedMen	UnemployedWomen	UnemployedMore1Year	SelfEmployed	InsecureJobs	SteadyJobs	SingleParentFamilies	NoDiplomas	HouseholderAlone	AttendingSchool	BasicGeneralQualifications	GeneralCertificates	LowerTertiaryEducation	HigherEducationalDegree	Students	IndividualHouse	MultipleDwellingUnits	BuiltBefore1968	Builtafter1990	ParkingSpace	NonOwner	Less40m2	Larger150m2	WithoutCar	TwoOrMoreCars	SubsidizedHousing	MedianIncome
1	H	0.341795104	0.157298277	0.029465095	0.454215775	0.5	0.41440678	0.011976048	0.112774451	0.230769231	0.088888889	0.107212476	0.118609407	0.05489022	0.091816367	0.078842315	0.713572854	0.125	0.114888628	0.284883721	1	0.174091442	0.135404455	0.111957796	0.124853458	0.115474795	0.73372093	0.241860465	0.770930233	0.115116279	0.41627907	0.345348837	0.06744186	0.054651163	0.202325581	0.297674419	0.077906977	26380.5
2	H	0.340052016	0.173602081	0.018205462	0.429128739	0.464285714	0.395140665	0	0.048484848	0.108695652	0.049180328	0.051282051	0.045307443	0.025757576	0.089393939	0.084848485	0.774242424	0.108796296	0.092682927	0.219723183	0.98206278	0.216260163	0.104065041	0.096747967	0.134146341	0.143089431	0.944636678	0.032871972	0.925605536	0.010380623	0.583044983	0.133217993	0.029411765	0.096885813	0.134948097	0.352941176	0	29457
3	H	0.418095238	0.07047619	0.107142857	0.486190476	0.54218107	0.437943262	0.027424094	0.22331048	0.333333333	0.101010101	0.210626186	0.236842105	0.136141038	0.02546523	0.148873653	0.600391773	0.27480916	0.220457433	0.309202454	0.994219653	0.226175349	0.104193139	0.08386277	0.047013977	0.148030496	0.061349693	0.926380368	0.160736196	0.004907975	0.212269939	0.87607362	0.055214724	0.009815951	0.229447853	0.158282209	0.852760736	15447
4	H	0.364288561	0.152650458	0.019928258	0.461139896	0.51028481	0.41124498	0.000864304	0.094209162	0.159722222	0.089361702	0.08372093	0.107421875	0.052722558	0.112359551	0.135695765	0.656871219	0.065625	0.098174642	0.246392897	0.994845361	0.175135668	0.118894919	0.119881598	0.16872225	0.144548594	0.725860155	0.216426193	0.583795782	0.082130966	0.647058824	0.269700333	0.07436182	0.116537181	0.149833518	0.419533851	0.035516093	31814
5	H	0.494954859	0.010621349	0.018056293	0.468401487	0.513397642	0.424210526	0.009070295	0.072562358	0.379310345	0.095238095	0.070981211	0.074441687	0.031746032	0.037414966	0.073696145	0.80952381	0.149377593	0.065868263	0.04040404	1	0.174401198	0.116017964	0.116017964	0.134730539	0.244760479	0.953535354	0.04040404	0.006060606	0.141414141	0.931313131	0.533333333	0	0.026262626	0.022222222	0.511111111	0.04040404	35293
6	H	0.350409836	0	0.00102459	0.598360656	0.708097928	0.46741573	0	0.061643836	0.227272727	0.007142857	0.021276596	0.134615385	0.025684932	0.011986301	0.085616438	0.83390411	0.014084507	0.020176545	0.198250729	0.992753623	0.257250946	0.192938209	0.078184111	0.066834805	0.143757881	0.002915452	0.988338192	0	0.032069971	0.183673469	1	0.04664723	0	0.014577259	0.320699708	0	31004
7	H	0.366714184	0.102993585	0.014967926	0.490377762	0.520864382	0.462431694	0.002906977	0.079215116	0.197802198	0.059859155	0.067238913	0.091580502	0.028343023	0.069767442	0.08502907	0.763081395	0.14	0.078606521	0.25047081	0.992941176	0.181777579	0.112550246	0.141134435	0.142474319	0.175971416	0.742937853	0.225047081	0.448210923	0.009416196	0.603578154	0.326741996	0.065913371	0.038606403	0.132768362	0.358757062	0.189265537	29982
8	H	0.431627196	0.038579068	0.045072574	0.478609626	0.523534269	0.439943141	0.012769354	0.126895451	0.307692308	0.108433735	0.127760252	0.126009693	0.078212291	0.027134876	0.114126097	0.729449322	0.197452229	0.097129187	0.226035503	0.984210526	0.176076555	0.098564593	0.100478469	0.102870813	0.277511962	0.376331361	0.618934911	0.071005917	0.015384615	0.613017751	0.698224852	0.039053254	0.020118343	0.126627219	0.261538462	0.597633136	23951.5
9	H	0.358430876	0.052515027	0.017715913	0.55805125	0.566848568	0.550442478	0	0.083900227	0.20754717	0.074766355	0.08423586	0.083601286	0.041950113	0.047052154	0.117346939	0.75	0.207792208	0.05997601	0.310007524	0.988888889	0.142343063	0.114354258	0.143542583	0.24790084	0.159936026	0.413092551	0.572610986	0.060195636	0.002257336	0.850263356	0.543265613	0.061700527	0.011286682	0.102332581	0.348382242	0.18510158	27386
10	H	0.347124825	0.183730715	0.012622721	0.409537167	0.451470588	0.371313673	0	0.090753425	0.25	0.087719298	0.094462541	0.086642599	0.047945205	0.085616438	0.073630137	0.744863014	0.112359551	0.171052632	0.305506217	0.991452991	0.15877193	0.093859649	0.086842105	0.099122807	0.150877193	0.912966252	0.051509769	0.61634103	0.094138544	0.474245115	0.30017762	0.06749556	0.053285968	0.264653641	0.264653641	0.028419183	25552
11	H	0.427802691	0.022720478	0.031988042	0.529745889	0.540606061	0.519174041	0.009029345	0.094243792	0.307189542	0.066445183	0.097533632	0.090909091	0.050790068	0.048532731	0.111173815	0.742663657	0.201793722	0.09204857	0.199468085	0.993243243	0.169212691	0.122600862	0.137877007	0.148061105	0.191147669	0.683510638	0.298758865	0.021276596	0.015070922	0.767730496	0.529255319	0.026595745	0.033687943	0.07358156	0.416666667	0.288120567	29350.5
12	H	0.410650465	0.05575411	0.020729092	0.513581129	0.52690583	0.501369863	0.005567154	0.09881698	0.291044776	0.073943662	0.110638298	0.087431694	0.04940849	0.034794711	0.100904662	0.759220598	0.198067633	0.083061129	0.221770092	0.992110454	0.169388707	0.122725152	0.118058796	0.133924405	0.174055063	0.535096643	0.369277721	0.004069176	0.001017294	0.818921668	0.656154629	0.090539166	0.021363174	0.128179044	0.372329603	0.428280773	26632
13	H	0.437991266	0.019213974	0.027510917	0.52489083	0.541133455	0.510033445	0.010815308	0.102329451	0.295454545	0.09039548	0.111486486	0.093442623	0.049084859	0.054076539	0.109816972	0.732945092	0.229946524	0.06088993	0.165087957	0.995381062	0.160421546	0.138758782	0.141686183	0.175058548	0.200819672	0.541271989	0.439783491	0.00135318	0.00270636	0.928281461	0.603518268	0.02300406	0.033829499	0.075778078	0.376184032	0.458728011	28120
14	A	0.438016529	0.05785124	0.024793388	0.462809917	0.5	0.428571429	0	0.053571429	0	0	0	0.111111111	0.035714286	0.214285714	0.089285714	0.642857143	0	0.111111111	0.166666667	1	0.171717172	0.111111111	0.101010101	0.101010101	0.272727273	0.805555556	0.027777778	0.611111111	0.194444444	0.638888889	0.25	0.055555556	0.111111111	0.083333333	0.416666667	0	32268.83
15	D	0.296391753	0.18814433	0.025773196	0.381443299	0.4375	0.326530612	0	0.081081081	0	0.12	0.083333333	0.078125	0.060810811	0.162162162	0.054054054	0.695945946	0.056	0.024024024	0.145985401	1	0.123123123	0.111111111	0.138138138	0.273273273	0.171171171	0.97080292	0.00729927	0.058394161	0.00729927	0.95620438	0.109489051	0	0.270072993	0.00729927	0.664233577	0	49679
16	A	0.323529412	0.235294118	0.014705882	0.308823529	0.424242424	0.2	0	0.047619048		0.142857143	0.071428571	0	0.047619048	0.142857143	0.095238095	0.714285714	0.166666667	0.127272727	0.285714286	1	0.109090909	0.090909091	0.127272727	0.181818182	0.163636364	0.785714286	0.214285714	0.678571429	0.071428571	0.714285714	0.321428571	0.142857143	0.178571429	0.071428571	0.392857143	0	31397
17	H	0.346573209	0.123831776	0.02258567	0.417445483	0.477308294	0.358139535	0	0.074626866	0.095238095	0.067039106	0.055737705	0.0995671	0.048507463	0.22761194	0.055970149	0.639925373	0.095744681	0.053333333	0.139534884	1	0.088571429	0.111428571	0.134285714	0.313333333	0.192380952	0.962790698	0.023255814	0.295348837	0.065116279	0.874418605	0.118604651	0.037209302	0.348837209	0.048837209	0.665116279	0	55327.5
18	H	0.39783105	0.135273973	0.014840183	0.396118721	0.42662116	0.365406644	0.011527378	0.066282421	0.135135135	0.068181818	0.064	0.068965517	0.03314121	0.132564841	0.086455331	0.708933718	0.06185567	0.067153285	0.242320819	1	0.113138686	0.129927007	0.105839416	0.227737226	0.208759124	0.916382253	0.034129693	0.496587031	0.088737201	0.64334471	0.225255973	0.087030717	0.175767918	0.148464164	0.4778157	0	38322
19	H	0.332988625	0.165460186	0.039296794	0.399172699	0.47794994	0.338812785	0.015544041	0.132124352	0.362318841	0.082901554	0.142144638	0.121293801	0.07253886	0.053108808	0.126943005	0.682642487	0.140625	0.190830235	0.353018373	0.972	0.119578686	0.086121437	0.086121437	0.157372986	0.161710037	0.595800525	0.202099738	0.442257218	0.064304462	0.472440945	0.547244094	0.18503937	0.060367454	0.322834646	0.263779528	0.299212598	22032
20	H	0.365313653	0.123783965	0.008386448	0.441462596	0.483893077	0.400788436	0.003039514	0.077507599	0.231884058	0.082822086	0.077903683	0.07704918	0.044832827	0.090425532	0.07674772	0.753039514	0.091743119	0.078333333	0.209478673	0.993119266	0.16375	0.104166667	0.115416667	0.162083333	0.190416667	0.892890995	0.085308057	0.656872038	0.041706161	0.632227488	0.214218009	0.074881517	0.097630332	0.145971564	0.425592417	0.008530806	32619
21	H	0.402417962	0.119170984	0.028497409	0.424870466	0.458483755	0.394039735	0.008130081	0.06300813	0.083333333	0.125	0.078740157	0.046218487	0.042682927	0.085365854	0.06097561	0.790650407	0.055555556	0.098765432	0.215736041	1	0.162738496	0.102132435	0.106621773	0.141414141	0.209876543	0.931472081	0.027918782	0.664974619	0.035532995	0.543147208	0.16751269	0.045685279	0.068527919	0.182741117	0.368020305	0	29510
22	H	0.382741823	0.108211552	0.098469033	0.436325678	0.500373413	0.380456026	0.031897927	0.186602871	0.376923077	0.177339901	0.191044776	0.181506849	0.108452951	0.03907496	0.150717703	0.619617225	0.206030151	0.215606676	0.241869919	0.964835165	0.198466396	0.099684258	0.058637799	0.084799278	0.154262517	0.432926829	0.557926829	0.18495935	0.00101626	0.453252033	0.651422764	0.042682927	0.031504065	0.266260163	0.197154472	0.571138211	18760
23	H	0.38829196	0.085587255	0.070025936	0.45757688	0.506614786	0.41301273	0.03562753	0.206477733	0.438848921	0.143712575	0.207373272	0.205479452	0.127935223	0.024291498	0.156275304	0.612145749	0.216931217	0.231911835	0.299614644	0.983739837	0.210828941	0.08816483	0.055103019	0.054623862	0.144226162	0.269749518	0.712909441	0.45761079	0.052986513	0.353564547	0.790944123	0.06743738	0.010597303	0.319845857	0.136801541	0.69460501	17073
24	H	0.481169694	0.089499335	0.1134249	0.361098804	0.420901246	0.309719934	0.019631902	0.218404908	0.342592593	0.177966102	0.223234624	0.212765957	0.125153374	0.025766871	0.202453988	0.549693252	0.18018018	0.201126761	0.198083067	0.983783784	0.13971831	0.069295775	0.05915493	0.063661972	0.313239437	0.400958466	0.583067093	0.669329073	0.003194888	0.512779553	0.635782748	0.020766773	0.017571885	0.306709265	0.178913738	0.575079872	17926
25	H	0.744923568	0.011635866	0.155601186	0.099475245	0.093491124	0.107683983	0	0.052752294	0.09375	0.037878788	0.050632911	0.055276382	0.020642202	0.091743119	0.151376147	0.697247706	0.2	0.005407947	0.575301205	0.981981982	0.012932048	0.023277686	0.019515636	0.047260757	0.875146955	0.262048193	0.719879518	0.03313253	0.698795181	0.968373494	0.760542169	0.551204819	0.00753012	0.43373494	0.174698795	0.706325301	45050.5
26	H	0.360177552	0.055802156	0.015852885	0.53455929	0.54015544	0.529192547	0	0.110320285	0.171428571	0.078341014	0.098321343	0.122065728	0.065243179	0.039145907	0.115065243	0.734282325	0.13592233	0.106976744	0.217607973	0.99086758	0.152713178	0.13255814	0.097674419	0.179844961	0.175968992	0.526578073	0.46345515	0.031561462	0.006644518	0.704318937	0.591362126	0.021594684	0.03654485	0.157807309	0.295681063	0.475083056	25886.5
27	H	0.414602347	0.034767492	0.100391134	0.517601043	0.520992366	0.514764565	0.036943745	0.183039463	0.267857143	0.179310345	0.166666667	0.196899225	0.109991604	0.024349286	0.155331654	0.631402183	0.277419355	0.143185739	0.291711518	0.982808023	0.177113283	0.128234618	0.099482461	0.138585394	0.179988499	0.081808396	0.90204521	0.002152853	0.05489774	0.424111948	0.911733046	0.076426265	0.004305705	0.270182992	0.144241119	0.875134553	17427
28	H	0.466779757	0.013288097	0.1043257	0.501272265	0.525075529	0.480340064	0.039481105	0.220530175	0.35978836	0.278571429	0.199079402	0.241150442	0.120135364	0.014100395	0.187253243	0.57642414	0.283166109	0.172923323	0.298961424	0.99543379	0.174920128	0.125798722	0.09384984	0.132188498	0.189297125	0.013353116	0.977002967	0.009643917	0	0.339762611	0.992581602	0.104599407	0.007418398	0.324183976	0.095697329	1.013353116	14437
29	H	0.410025707	0.028277635	0.132390746	0.545844045	0.57037037	0.524720893	0.043956044	0.248037677	0.316546763	0.242105263	0.243506494	0.252279635	0.147566719	0.02433281	0.187598116	0.538461538	0.288343558	0.140625	0.318363273	0.96969697	0.171296296	0.135416667	0.117476852	0.179398148	0.139467593	0.01996008	0.974051896	0.016966068	0.000998004	0.30738523	0.982035928	0.064870259	0.000998004	0.354291417	0.101796407	1.046906188	14206.5
30	H	0.397556913	0.037756802	0.098278734	0.544142143	0.560145808	0.530674847	0.020408163	0.193877551	0.387096774	0.125	0.188720174	0.198458574	0.110204082	0.02244898	0.144897959	0.636734694	0.289256198	0.113193403	0.318302387	0.992779783	0.143928036	0.143928036	0.134932534	0.188155922	0.137931034	0	0.99734748	0	0.00132626	0.624668435	0.921750663	0.050397878	0.00265252	0.25066313	0.118037135	0.923076923	18412
31	H	0.437632135	0.019556025	0.077167019	0.508985201	0.512513602	0.505652621	0.037383178	0.17549325	0.333333333	0.166666667	0.159235669	0.191056911	0.090342679	0.039460021	0.136033229	0.645898235	0.246031746	0.156295224	0.336194564	0.970394737	0.172214182	0.123733719	0.125180897	0.174384949	0.154848046	0.057224607	0.934191702	0	0	0.679542203	0.892703863	0.092989986	0.008583691	0.214592275	0.153075823	0.846924177	19175
32	Z	0.349737533	0.131233596	0.010498688	0.454068241	0.503364738	0.407170294	0	0.050578035	0.131578947	0.042253521	0.042780749	0.059748428	0.031791908	0.119942197	0.072254335	0.75433526	0.078947368	0.072033898	0.131931166	1	0.202542373	0.146610169	0.11440678	0.112711864	0.129661017	0.980879541	0.009560229	0.449330784	0.240917782	0.804971319	0.116634799	0.013384321	0.131931166	0.076481836	0.543021033	0	19417
33	H	0.366004559	0.164115923	0.055030935	0.420709866	0.486707566	0.360349127	0.018575851	0.174922601	0.391566265	0.143497758	0.177871148	0.171280277	0.09752322	0.069659443	0.118421053	0.635448916	0.155913978	0.201066886	0.279007972	0.986754967	0.19039803	0.089864588	0.070988921	0.058268363	0.130898646	0.708591674	0.258635961	0.893711249	0.010628875	0.30469442	0.418954827	0.093002657	0.04340124	0.259521701	0.197519929	0.049601417	19562
34	H	0.258373206	0.266347687	0.023524721	0.373205742	0.405612245	0.344594595	0	0.115384615	0.438596491	0.106598985	0.109014675	0.122004357	0.068376068	0.054487179	0.097222222	0.728632479	0.152284264	0.146572104	0.242926829	0.993421053	0.226950355	0.090780142	0.071867612	0.045390071	0.095035461	0.939512195	0.043902439	0.835121951	0.023414634	0.64097561	0.176585366	0.030243902	0.026341463	0.182439024	0.218536585	0.009756098	25338
35	H	0.277874564	0.212108014	0.039198606	0.43989547	0.505144995	0.383048085	0.003960396	0.14950495	0.328125	0.167487685	0.155555556	0.142553191	0.071287129	0.066336634	0.089108911	0.69009901	0.152439024	0.189030884	0.354740061	1	0.22257721	0.089456869	0.071884984	0.077742279	0.080937167	0.604485219	0.324159021	0.685015291	0.036697248	0.44138634	0.44138634	0.078491335	0.027522936	0.292558614	0.182466871	0.093781855	19667
36	A	0.25748503	0.22754491	0.005988024	0.431137725	0.469879518	0.392857143	0	0.138888889	0	0.133333333	0.076923077	0.212121212	0.111111111	0.097222222	0.055555556	0.708333333	0	0.176870748	0.260869565	1	0.142857143	0.108843537	0.136054422	0.06122449	0.115646259	0.84057971	0.072463768	0.608695652	0.072463768	0.565217391	0.231884058	0.144927536	0.072463768	0.173913043	0.333333333	0	28486
37	H	0.388059701	0.089552239	0.011940299	0.481343284	0.523664122	0.440875912	0	0.096124031	0.315789474	0.094017094	0.084548105	0.109271523	0.041860465	0.057364341	0.079069767	0.764341085	0.169014085	0.143298969	0.178970917	0.996183206	0.18556701	0.113402062	0.118556701	0.102061856	0.120618557	0.829977629	0.154362416	0.41163311	0.539149888	0.684563758	0.29753915	0.006711409	0.029082774	0.149888143	0.389261745	0.154362416	29137
38	H	0.283921933	0.17472119	0.00929368	0.428438662	0.481262327	0.381370826	0.004338395	0.07483731	0.157894737	0.067669173	0.071721311	0.078341014	0.037960954	0.068329718	0.094360087	0.760303688	0.076923077	0.084276018	0.25462963	1	0.193438914	0.130090498	0.115384615	0.117647059	0.110859729	0.880787037	0.023148148	0.188657407	0.052083333	0.798611111	0.200231481	0.106481481	0.021990741	0.152777778	0.393518519	0.09375	33408
39	H	0.287328491	0.179983858	0.011702986	0.440274415	0.46973572	0.413793103	0.007332722	0.093492209	0.185185185	0.08583691	0.092558984	0.094444444	0.058661778	0.053162236	0.078826764	0.7736022	0.131428571	0.111055777	0.236947791	0.990415335	0.222609562	0.12998008	0.080677291	0.075697211	0.097111554	0.78815261	0.197791165	0.65562249	0.00502008	0.570281124	0.320281124	0.011044177	0.036144578	0.145582329	0.270080321	0.180722892	26538
40	H	0.258885942	0.160212202	0.007427056	0.455172414	0.477223427	0.434060228	0	0.096736597	0.243902439	0.081967213	0.1	0.093301435	0.054778555	0.058275058	0.071095571	0.77039627	0.112426036	0.093475533	0.156808803	0.986842105	0.218946048	0.123588457	0.105395232	0.097239649	0.101631117	0.986244842	0.002751032	0.379642366	0.004126547	0.803301238	0.132049519	0.006877579	0.044016506	0.083906465	0.412654746	0	31318
41	H	0.320200573	0.172636103	0.010744986	0.405444126	0.451515152	0.364130435	0	0.074204947	0.333333333	0.049079755	0.05033557	0.100746269	0.033568905	0.093639576	0.068904594	0.759717314	0.094339623	0.073043478	0.169456067	0.993589744	0.154782609	0.134782609	0.125217391	0.174782609	0.140869565	0.989539749	0.006276151	0.414225941	0.012552301	0.859832636	0.121338912	0.00209205	0.073221757	0.069037657	0.510460251	0	38846
42	H	0.407356003	0.119014573	0.084663428	0.407009022	0.452135493	0.3667979	0.034100597	0.231884058	0.395683453	0.220858896	0.249185668	0.212880143	0.131287298	0.019607843	0.131287298	0.611253197	0.266304348	0.242509363	0.29704797	0.975655431	0.217228464	0.093632959	0.048220974	0.031367041	0.132958801	0.217712177	0.778597786	0.895756458	0	0.368081181	0.823800738	0.04797048	0.009225092	0.342250923	0.106088561	0.798892989	15961
43	H	0.239060832	0.209178228	0.016008538	0.490394877	0.542099193	0.445878848	0.004352557	0.07616975	0.24137931	0.072727273	0.068085106	0.084632517	0.044613711	0.062023939	0.109902067	0.748639826	0.105633803	0.079925651	0.43189018	0.988304094	0.146840149	0.135687732	0.143742255	0.208178439	0.086741016	0.361140444	0.635691658	0.432946146	0.1531151	0.678986272	0.41499472	0.10876452	0.019007392	0.141499472	0.241816262	0.038014784	24493
44	H	0.301757813	0.128417969	0.017089844	0.459960938	0.504459861	0.416746872	0.012738854	0.14118896	0.3	0.160278746	0.121807466	0.163972286	0.083864119	0.040339703	0.100849257	0.71656051	0.104938272	0.149024246	0.140161725	0.992031873	0.221170905	0.12300414	0.065641632	0.085748078	0.105854524	0.862533693	0.123989218	0.442048518	0.001347709	0.734501348	0.249326146	0.013477089	0.030997305	0.113207547	0.384097035	0.128032345	29094
45	H	0.315639269	0.127283105	0.00456621	0.473744292	0.507710558	0.442244224	0	0.081927711	0.173913043	0.108	0.077102804	0.087064677	0.043373494	0.05060241	0.06626506	0.793975904	0.114285714	0.067077344	0.193498452	0.995454545	0.195756331	0.127994524	0.110882957	0.124572211	0.154004107	0.812693498	0.184210526	0.178018576	0	0.817337461	0.191950464	0.009287926	0.009287926	0.078947368	0.441176471	0.099071207	33017
46	H	0.313240598	0.144770737	0.010303967	0.424523442	0.456340956	0.393258427	0	0.082524272	0.243243243	0.069444444	0.072892938	0.093506494	0.050970874	0.066747573	0.063106796	0.786407767	0.078014184	0.088888889	0.152421652	0.996478873	0.20952381	0.137777778	0.105396825	0.094603175	0.136507937	0.988603989	0.005698006	0.433048433	0.00997151	0.814814815	0.121082621	0.008547009	0.041310541	0.07977208	0.424501425	0	32732.5
47	H	0.321756487	0.134131737	0.016367265	0.512175649	0.54621149	0.480828221	0.003117693	0.078721746	0.205128205	0.084158416	0.070121951	0.087719298	0.038971161	0.092751364	0.074045207	0.750584567	0.127272727	0.077038519	0.322641509	0.985754986	0.153576788	0.127063532	0.152576288	0.194597299	0.115557779	0.445283019	0.540566038	0.45754717	0.268867925	0.659433962	0.418867925	0.044339623	0.039622642	0.131132075	0.313207547	0.071698113	27849.5
48	H	0.302867384	0.222990271	0.013568868	0.403225806	0.456838565	0.358152686	0	0.085714286	0.240506329	0.105978261	0.088343558	0.082894737	0.053333333	0.127619048	0.102857143	0.681904762	0.116465863	0.08147916	0.340359578	0.996303142	0.136947665	0.121591977	0.124725791	0.189282357	0.126919461	0.589584625	0.329820211	0.588964662	0.043397396	0.502789833	0.365158091	0.121512709	0.10849349	0.177929324	0.339119653	0.008059516	31173
49	H	0.304937602	0.206185567	0.011937059	0.444384156	0.482598608	0.410805301	0	0.089133089	0.414634146	0.070351759	0.072115385	0.106699752	0.039072039	0.113553114	0.087912088	0.705738706	0.128787879	0.055033557	0.312581064	0.991111111	0.136241611	0.116107383	0.139597315	0.226845638	0.117449664	0.592736706	0.387808042	0.715953307	0.009079118	0.587548638	0.364461738	0.035019455	0.077821012	0.159533074	0.332036316	0.04150454	30695
50	H	0.365637066	0.135907336	0.012741313	0.436293436	0.483454399	0.393042191	0.003539823	0.077876106	0.301886792	0.08974359	0.075125209	0.080979284	0.042477876	0.092920354	0.092035398	0.736283186	0.130681818	0.052737318	0.251572327	0.990521327	0.137619287	0.127574083	0.126067303	0.23656454	0.156202913	0.855345912	0.123689727	0.921383648	0.009433962	0.360587002	0.234800839	0.049266247	0.109014675	0.134171908	0.397274633	0	34785
51	H	0.327718676	0.14893617	0.020981087	0.488475177	0.54505356	0.438508625	0.004839685	0.141560799	0.258426966	0.108433735	0.143352601	0.139593909	0.077434967	0.067150635	0.121597096	0.666061706	0.152173913	0.150036153	0.385930309	0.985611511	0.181489516	0.114605929	0.102313811	0.13087491	0.117136659	0.517422748	0.436554898	0.684418146	0.108481262	0.374753452	0.487179487	0.133464826	0.031558185	0.266929652	0.170282709	0.021696252	21633
52	H	0.344930417	0.152584493	0.015407555	0.453777336	0.519396552	0.397601476	0	0.081051479	0.121212121	0.081871345	0.070539419	0.092807425	0.038335159	0.121577218	0.092004381	0.699890471	0.167938931	0.059674503	0.351874244	1	0.129596142	0.113924051	0.131404461	0.230861965	0.165762508	0.521160822	0.46070133	0.76783555	0.029020556	0.571946796	0.373639661	0.07980653	0.100362757	0.178960097	0.297460701	0	29836.5
53	Z	0.353257621	0.120442319	0.011356844	0.465630604	0.507050889	0.426239067	0	0.083440308	0.189189189	0.108552632	0.068923821	0.099863201	0.050064185	0.05648267	0.09563543	0.758023107	0.074889868	0.100448096	0.22875817	0.981595092	0.212098581	0.117625093	0.084391337	0.098954444	0.153846154	0.906862745	0.045751634	0.631535948	0.093954248	0.527777778	0.205065359	0.069444444	0.034313725	0.166666667	0.352124183	0.006535948	16805
54	H	0.444444444	0	0	0.388888889	0.833333333	0.166666667	0	0		0	0	0	0	0	0	1	0	0	0	1	0.071428571	0	0.142857143	0.428571429	0.285714286	0	0.2	1	0	0.8	1	0	0.8	0	0.6	0	19689.67
55	H	0.384157509	0.146520147	0.032967033	0.417124542	0.467908903	0.376847291	0.004390779	0.124039517	0.168831169	0.097222222	0.119469027	0.128540305	0.071350165	0.099890231	0.128430296	0.646542261	0.08490566	0.069214876	0.606923077	1	0.068698347	0.100206612	0.100206612	0.257231405	0.29803719	0.063846154	0.893846154	0.729230769	0.068461538	0.353076923	0.786923077	0.350769231	0.076923077	0.412307692	0.116153846	0.233076923	21543.5
56	H	0.507809014	0.081659973	0.024542615	0.386434627	0.437992126	0.343673469	0.004618938	0.125866051	0.194915254	0.098360656	0.13258427	0.118764846	0.056581986	0.094688222	0.183602771	0.595842956	0.077777778	0.031969911	0.695680206	1	0.039022097	0.086506817	0.094499295	0.208274565	0.470145745	0.047066409	0.887814313	0.791102515	0.084461638	0.122501612	0.850419084	0.519664732	0.039329465	0.559638943	0.068343005	0	18158
57	A	0.617886179	0.067750678	0.04200542	0.304878049	0.345345345	0.271604938	0	0.124444444	0.255319149	0	0.086956522	0.163636364	0.048888889	0.057777778	0.168888889	0.648888889	0.083333333	0.037790698	0.730314961	0.939393939	0.068313953	0.085755814	0.068313953	0.11627907	0.559593023	0.001968504	0.970472441	0.246062992	0.742125984	0.171259843	0.952755906	0.738188976	0.015748031	0.712598425	0.027559055	0.187007874	20684.5
58	A	0.238095238	0.2	0.019047619	0.495238095	0.490196078	0.5	0	0.038461538	0	0	0	0.074074074	0	0.25	0.057692308	0.653846154	0	0.064516129	0.508196721	1	0.150537634	0.086021505	0.086021505	0.247311828	0.150537634	0.032786885	0.885245902	0.93442623	0.032786885	0.229508197	0.573770492	0.131147541	0.016393443	0.360655738	0.06557377	0	21282
59	A	0.344444444	0.127777778	0.094444444	0.472222222	0.5	0.445652174	0	0.082352941	0.142857143	0.060606061	0.045454545	0.12195122	0.047058824	0.211764706	0.129411765	0.576470588	0.1	0.053571429	0.5	1	0.047619048	0.154761905	0.071428571	0.285714286	0.279761905	0	0.907407407	0.37962963	0.194444444	0.416666667	0.768518519	0.37037037	0.018518519	0.435185185	0.12962963	0	22504.25
60	A	0.376712329	0.116438356	0.095890411	0.479452055	0.536231884	0.428571429	0	0.057142857	0	0.125	0.027027027	0.090909091	0.057142857	0.285714286	0.214285714	0.414285714	0.142857143	0.044776119	0.591397849	1	0.059701493	0.097014925	0.074626866	0.246268657	0.335820896	0.043010753	0.752688172	0.870967742	0.129032258	0.010752688	0.913978495	0.279569892	0.010752688	0.505376344	0.021505376	0	21340.1
61	A	0.345945946	0.07027027	0.054054054	0.554054054	0.580110497	0.529100529	0.019512195	0.112195122	0.095238095	0.04	0.152380952	0.07	0.058536585	0.082926829	0.175609756	0.629268293	0.137931034	0.041666667	0.487804878	1	0.06547619	0.125	0.083333333	0.342261905	0.261904762	0.014634146	0.931707317	0.614634146	0.024390244	0.185365854	0.726829268	0.253658537	0.024390244	0.468292683	0.087804878	0.009756098	23726.5
62	H	0.407009346	0.101869159	0.052803738	0.470560748	0.554153523	0.403700589	0.01489573	0.171797418	0.2	0.20754717	0.20113852	0.139583333	0.09632572	0.091360477	0.161866931	0.572989076	0.16937355	0.071537291	0.605008078	1	0.086250634	0.104515474	0.081177067	0.208016235	0.328767123	0.016155089	0.931340872	0.640549273	0.082390953	0.166397415	0.815024233	0.357835218	0.008077544	0.564620355	0.052504039	0.113893376	19623.5
63	H	0.368886576	0.130072841	0.046826223	0.44640999	0.524550898	0.386384545	0	0.101398601	0.060606061	0.117647059	0.111872146	0.09047619	0.058275058	0.122377622	0.148018648	0.623543124	0.215053763	0.049887892	0.62037037	1	0.063340807	0.092488789	0.094170404	0.274103139	0.313901345	0.019360269	0.942760943	0.668350168	0.033670034	0.162457912	0.804713805	0.293771044	0.035353535	0.493265993	0.073232323	0.138047138	21282
64	A	0.409876543	0.074074074	0.04691358	0.459259259	0.518518519	0.407407407	0.021505376	0.166666667	0.333333333	0.125	0.142857143	0.193181818	0.102150538	0.02688172	0.182795699	0.61827957	0.272727273	0.180379747	0.409356725	1	0.164556962	0.088607595	0.069620253	0.123417722	0.193037975	0.040935673	0.941520468	0.748538012	0	0.456140351	0.964912281	0.192982456	0.01754386	0.362573099	0.122807018	0.67251462	19319
65	A	0.777777778	0.037037037	0	0.222222222	0.222222222	0.222222222	0	0	0	0	0	0	0	0.333333333	0.166666667	0.5		0.041666667	0.956521739	1	0.125	0.041666667	0	0	0.708333333	0	1	1	0	0	0.913043478	0.826086957	0	0.869565217	0	0	17973.25
66	H	0.425380228	0.108365019	0.094581749	0.423003802	0.463738509	0.387555556	0.035955056	0.226966292	0.483870968	0.183206107	0.196035242	0.259174312	0.150561798	0.050561798	0.147191011	0.571910112	0.278688525	0.168539326	0.358244365	0.996655518	0.144293318	0.091661739	0.063867534	0.10940272	0.248373743	0.022538553	0.950177936	0.890865955	0.105575326	0.24911032	0.881376038	0.132858837	0.018979834	0.415183867	0.09489917	0.50059312	16627.5
67	H	0.325592417	0.180094787	0.034123223	0.455924171	0.506833713	0.419642857	0.016632017	0.108108108	0.172839506	0.071428571	0.107865169	0.108317215	0.06029106	0.066528067	0.16008316	0.66008316	0.165354331	0.060918947	0.575158228	0.988888889	0.083118224	0.119256582	0.102219928	0.252968508	0.247805885	0.017405063	0.965189873	0.61471519	0.049841772	0.373417722	0.755537975	0.253955696	0.019778481	0.422468354	0.069620253	0.157436709	21054.5
68	H	0.274376417	0.247165533	0.028911565	0.39739229	0.47752809	0.343155894	0.005706134	0.115549215	0.111111111	0.083333333	0.114705882	0.11634349	0.07275321	0.058487874	0.112696148	0.711840228	0.144329897	0.106183635	0.593662628	0.990740741	0.122423485	0.113678951	0.083073079	0.201748907	0.195502811	0.012115564	0.958993476	0.716682199	0.021435228	0.465051258	0.75862069	0.276794035	0.005591799	0.467847158	0.063373719	0.383038211	19215
69	H	0.452126121	0.06421753	0.038472664	0.451258316	0.495619524	0.413125336	0.020512821	0.155128205	0.223404255	0.116504854	0.161616162	0.1484375	0.076282051	0.076923077	0.178846154	0.585897436	0.119496855	0.056176084	0.642161636	0.973180077	0.070959264	0.086399474	0.10282523	0.251971091	0.352496715	0.126582278	0.829600779	0.803310613	0.082765336	0.133885102	0.804284323	0.47127556	0.065725414	0.474683544	0.101752678	0.02872444	17528
70	H	0.43517955	0.070906878	0.0356056	0.454351795	0.528511822	0.396645022	0.008037508	0.104487609	0.150326797	0.101382488	0.105263158	0.103683492	0.051574012	0.113864702	0.154052244	0.622906899	0.096153846	0.031751227	0.662937063	0.986842105	0.053027823	0.088707038	0.103109656	0.265139116	0.389525368	0.058741259	0.901165501	0.625641026	0.167832168	0.306759907	0.808391608	0.444289044	0.034498834	0.442424242	0.084382284	0	19629
71	H	0.281914894	0.039893617	0.039007092	0.695035461	0.739932886	0.644736842	0.010204082	0.075255102	0.055555556	0.15	0.074829932	0.075801749	0.033163265	0.053571429	0.136479592	0.733418367	0.089552239	0.052274927	0.600864553	1	0.062923524	0.130687318	0.174249758	0.338818974	0.151016457	0.077809798	0.904899135	0.344380403	0.603746398	0.636887608	0.874639769	0.219020173	0.017291066	0.187319885	0.159942363	0.014409222	22413
72	H	0.3574045	0.10570382	0.06541078	0.500784929	0.568715084	0.440944882	0.008359457	0.138975967	0.290322581	0.161016949	0.147347741	0.129464286	0.072100313	0.077324974	0.152560084	0.630094044	0.206521739	0.078820698	0.541313559	0.972972973	0.102888087	0.104693141	0.119735259	0.256919374	0.2244284	0.091101695	0.875	0.469279661	0.150423729	0.318855932	0.818855932	0.230932203	0.037076271	0.382415254	0.136652542	0.290254237	19934.5
73	H	0.358415842	0.083663366	0.05049505	0.53960396	0.583157895	0.500934579	0.014678899	0.118348624	0.16	0.079470199	0.11732852	0.119402985	0.055045872	0.113761468	0.140366972	0.623853211	0.184782609	0.047128927	0.63382467	0.979591837	0.052004334	0.104550379	0.114301192	0.336944745	0.284940412	0.05973623	0.893716059	0.531419705	0.136539953	0.273079907	0.847168348	0.335919317	0.02094647	0.399534523	0.092319628	0.131109387	20783.5
74	H	0.398136646	0.061490683	0.052484472	0.518012422	0.540150565	0.496309963	0.014388489	0.14028777	0.219653179	0.150485437	0.140534262	0.140024783	0.067745803	0.104916067	0.149880096	0.602517986	0.162650602	0.058347979	0.587695629	0.995689655	0.061862917	0.091036907	0.105448155	0.303690685	0.28857645	0.091203454	0.865083648	0.5429034	0.183486239	0.344846195	0.792768484	0.342687534	0.027522936	0.392336751	0.11279007	0.138154344	21285
75	H	0.367363674	0.095530955	0.062320623	0.514145141	0.572890026	0.45971564	0.016746411	0.133173844	0.2265625	0.114130435	0.141369048	0.12371134	0.072567783	0.115629984	0.13476874	0.616427432	0.133333333	0.082004556	0.605166052	0.986206897	0.069703872	0.093394077	0.119362187	0.288838269	0.262414579	0.141697417	0.822140221	0.665682657	0.225092251	0.332841328	0.734317343	0.363099631	0.048708487	0.339483395	0.150553506	0.024354244	22361
76	H	0.35106912	0.115862755	0.046245649	0.481849826	0.541353383	0.430555556	0.004127967	0.113519092	0.182926829	0.125874126	0.107142857	0.120430108	0.057791538	0.108359133	0.156862745	0.620227038	0.133333333	0.080112045	0.565777369	1	0.062745098	0.084593838	0.119887955	0.319327731	0.248739496	0.135234591	0.821527139	0.632934683	0.169273229	0.333026679	0.757129715	0.274149034	0.070837167	0.336706532	0.126034959	0.110395584	24500
77	H	0.301470588	0.182904412	0.106617647	0.485294118	0.557040082	0.42726517	0.026515152	0.18844697	0.284313725	0.214285714	0.184501845	0.192607004	0.109848485	0.043560606	0.154356061	0.612689394	0.216	0.133900106	0.481751825	0.984210526	0.108926674	0.091923486	0.227417641	0.166312434	0.149840595	0.028154327	0.965589155	0.104275287	0.339937435	0.42544317	0.898852972	0.166840459	0.015641293	0.353493222	0.126173097	0.5818561	17323
78	D	0.62585034	0.040816327	0.006802721	0.87755102	0.943548387	0.52173913	0	0.007751938	0	0.083333333	0.008547009	0	0.007751938	0.015503876	0.03875969	0.775193798	0	0.125874126	0.315789474	1	0.328671329	0.160839161	0.041958042	0.062937063	0.048951049	0.684210526	0.157894737	0.842105263	0	0.473684211	0.578947368	0.263157895	0.052631579	0.210526316	0.157894737	0	22571.13
79	A	0.359550562	0.258426966	0.011235955	0.314606742	0.463414634	0.1875	0	0.178571429		0	0.210526316	0.111111111	0.035714286	0.071428571	0	0.75	0	0.024390244	0.404255319	1	0.073170732	0.097560976	0.134146341	0.182926829	0.329268293	0.106382979	0.85106383	0.446808511	0	0.531914894	0.574468085	0.234042553	0.127659574	0.276595745	0.255319149	0	19638.67
80	H	0.597130671	0.048468399	0.040713455	0.348584723	0.365546218	0.334053276	0.013348165	0.145717464	0.202797203	0.202380952	0.165517241	0.127155172	0.081201335	0.04894327	0.220244716	0.583982202	0.164835165	0.046589018	0.739082969	1	0.068635607	0.068219634	0.076123128	0.131863561	0.541597338	0.082423581	0.884279476	0.437772926	0.191593886	0.354257642	0.900655022	0.628820961	0.013100437	0.490720524	0.064956332	0.10371179	15806
81	H	0.472274436	0.115601504	0.043703008	0.365131579	0.366767984	0.363716039	0.005148005	0.153153153	0.267605634	0.093220339	0.160220994	0.146987952	0.09009009	0.038610039	0.132561133	0.674388674	0.259259259	0.084388186	0.61132661	1	0.107067511	0.085443038	0.070675105	0.114978903	0.391350211	0.037238169	0.9193173	0.256788208	0.166795966	0.400310318	0.881303336	0.424359969	0.006206362	0.48875097	0.071373157	0.500387898	17565
82	H	0.646111682	0.067831449	0.034600891	0.2672148	0.289139633	0.246502332	0.005128205	0.11025641	0.137614679	0.11	0.104878049	0.116216216	0.058974359	0.074358974	0.166666667	0.642307692	0.069767442	0.022808268	0.719328704	1	0.040270848	0.059158945	0.073414113	0.145046329	0.621525303	0.040509259	0.923032407	0.497685185	0.297453704	0.383680556	0.854166667	0.564814815	0.02025463	0.47974537	0.063078704	0.069444444	19807.5
83	H	0.450160772	0.104731282	0.044556729	0.427652733	0.479321315	0.388168558	0.017185822	0.152524168	0.257352941	0.078947368	0.14380531	0.160751566	0.071965628	0.093447905	0.179377014	0.571428571	0.123809524	0.066056911	0.63174355	1	0.087906504	0.083333333	0.104674797	0.197154472	0.351626016	0.154026583	0.81157154	0.605160281	0.138389367	0.315089914	0.730258014	0.437842064	0.043002346	0.414386239	0.121188428	0	19787.5
84	H	0.322658127	0.107686149	0.033226581	0.543634908	0.581915846	0.512671977	0.002945508	0.103092784	0.18852459	0.104347826	0.103076923	0.103107345	0.064064801	0.052282769	0.131811487	0.708394698	0.181818182	0.083061129	0.507598784	0.982142857	0.118525432	0.107326178	0.152123192	0.231451237	0.167522165	0.259878419	0.726443769	0.343465046	0.073708207	0.643617021	0.601823708	0.143617021	0.037234043	0.20668693	0.168693009	0.066869301	21774
85	H	0.406664278	0.072733787	0.030455034	0.475456826	0.51236476	0.443553774	0.006028636	0.107761869	0.165289256	0.096774194	0.128205128	0.087349398	0.06028636	0.067068576	0.143933685	0.678975132	0.132450331	0.060848679	0.589711418	0.957446809	0.083266613	0.092473979	0.114891914	0.240992794	0.326261009	0.186323714	0.781681305	0.467377666	0.328732748	0.415934755	0.767879548	0.382685069	0.065244668	0.303011292	0.150564617	0.069636136	20696
86	H	0.588853358	0.06852444	0.036546368	0.289629968	0.283261803	0.296875	0.012618297	0.102523659	0.259259259	0.075	0.096969697	0.108552632	0.048895899	0.09148265	0.121451104	0.681388013	0.127659574	0.042857143	0.557692308	0.970588235	0.058673469	0.064795918	0.074489796	0.15	0.541326531	0.156108597	0.804298643	0.640271493	0.093891403	0.373303167	0.78280543	0.414027149	0.075791855	0.35520362	0.134615385	0.095022624	25246
87	H	0.451828724	0.08117752	0.086529884	0.421944692	0.47696477	0.368281938	0.033826638	0.283298097	0.418918919	0.222222222	0.308712121	0.251196172	0.170190275	0.035940803	0.184989429	0.49577167	0.2	0.203040174	0.579173838	0.94488189	0.121064061	0.072747014	0.073289902	0.132464712	0.274158523	0.307228916	0.649741824	0.774526678	0.049053356	0.149741824	0.753872633	0.431153184	0.028399312	0.527538726	0.074010327	0.003442341	12639
88	H	0.378964942	0.114635504	0.130217028	0.438508625	0.497069168	0.38559322	0.086294416	0.338832487	0.449541284	0.357142857	0.372641509	0.299450549	0.232233503	0.063451777	0.172588832	0.421319797	0.193877551	0.29532967	0.518475751	0.98340249	0.118131868	0.090659341	0.075549451	0.085164835	0.168956044	0.224018476	0.739030023	0.490762125	0.061200924	0.153579677	0.839491917	0.271362587	0.025404157	0.605080831	0.06812933	0.476905312	11398.5
89	H	0.431054461	0.061413673	0.165121669	0.470451912	0.517067004	0.431016043	0.068965517	0.350985222	0.448	0.308411215	0.369193154	0.332506203	0.226600985	0.044334975	0.177339901	0.426108374	0.268041237	0.27037037	0.428571429	0.987854251	0.174814815	0.095555556	0.071851852	0.079259259	0.185925926	0.068090788	0.906542056	0.384512684	0.066755674	0.164218959	0.94259012	0.2376502	0.009345794	0.570093458	0.064085447	0.635514019	11936
90	H	0.471446307	0.10211049	0.063004345	0.386716325	0.436337625	0.348684211	0.016051364	0.18459069	0.203947368	0.1875	0.163934426	0.204402516	0.101123596	0.065810594	0.169341894	0.578651685	0.151724138	0.101913043	0.637051994	1	0.08626087	0.073391304	0.089043478	0.154086957	0.386782609	0.092377587	0.879353862	0.531549722	0.398788491	0.215547703	0.882887431	0.460373549	0.020191822	0.545683998	0.06360424	0.259969712	15721
91	H	0.363384189	0.164123902	0.031437818	0.426722145	0.460732984	0.399834437	0.008667389	0.098591549	0.1	0.14893617	0.106818182	0.091097308	0.047670639	0.056338028	0.154929577	0.689057421	0.087378641	0.049848943	0.633237822	1	0.078549849	0.108257805	0.105740181	0.240684794	0.296576032	0.032234957	0.937679083	0.464183381	0.038681948	0.553724928	0.696275072	0.335243553	0.022206304	0.353868195	0.100286533	0.133954155	21431
92	H	0.440225035	0.100703235	0.039662447	0.435724332	0.478075518	0.399372713	0.015493867	0.113621691	0.183246073	0.081632653	0.113375796	0.113874346	0.050355068	0.070367979	0.154293092	0.660426081	0.146892655	0.04799514	0.645048203	0.986394558	0.061664642	0.089914945	0.105103281	0.229951397	0.378797084	0.059158633	0.883435583	0.414110429	0.255039439	0.438650307	0.862401402	0.396581946	0.021034181	0.434268186	0.08150745	0.122699387	18020.5
93	H	0.476156328	0.092147723	0.048404446	0.371459304	0.41496063	0.335088874	0.003861004	0.144787645	0.106557377	0.132352941	0.142314991	0.147347741	0.083976834	0.116795367	0.185328185	0.55019305	0.202099738	0.070703125	0.676657061	0.972413793	0.072265625	0.071875	0.097265625	0.1765625	0.416015625	0.133717579	0.81556196	0.650144092	0.181556196	0.245533141	0.799423631	0.500864553	0.038040346	0.4870317	0.073775216	0.038040346	16289.5
94	H	0.437988281	0.059082031	0.1015625	0.447265625	0.508	0.389312977	0.061135371	0.35371179	0.374193548	0.358333333	0.368110236	0.335784314	0.223799127	0.046943231	0.195414847	0.400655022	0.252252252	0.207878788	0.569014085	0.928229665	0.133333333	0.078181818	0.081212121	0.123636364	0.22969697	0.190610329	0.759624413	0.844131455	0.03286385	0.101408451	0.870422535	0.387793427	0.015023474	0.57370892	0.05258216	0.126760563	11636
95	H	0.409090909	0.136363636	0.061157025	0.409917355	0.467579909	0.362264151	0.036290323	0.186491935	0.242857143	0.172413793	0.197265625	0.175	0.102822581	0.081653226	0.179435484	0.549395161	0.117647059	0.117944011	0.648685098	1	0.087195961	0.094997705	0.092244149	0.176686553	0.306103717	0.169925826	0.772757923	0.806473365	0.052596089	0.085637222	0.797033041	0.494942684	0.044504383	0.552933243	0.089008766	0.049224545	13909.5
96	H	0.432357043	0.066248257	0.061366806	0.476290098	0.521609538	0.436435125	0.023426061	0.19033675	0.224489796	0.169491525	0.2	0.18018018	0.108345534	0.03806735	0.199121523	0.568081991	0.179487179	0.091194969	0.615124153	0.901098901	0.083333333	0.096698113	0.128144654	0.175314465	0.323113208	0.097065463	0.880361174	0.572234763	0.374717833	0.32731377	0.862302483	0.401805869	0.022573363	0.470654628	0.10496614	0.161399549	16927
97	H	0.602488152	0.046800948	0.332345972	0.282582938	0.363080685	0.206896552	0.251572327	0.536687631	0.745614035	0.527472527	0.528619529	0.55	0.318658281	0.020964361	0.157232704	0.283018868	0.333333333	0.404718693	0.115281501	0.991169978	0.117967332	0.047186933	0.021778584	0.007259528	0.274047187	0	0.991957105	1	0	0.184986595	0.970509383	0.058981233	0.013404826	0.54155496	0.08310992	1.032171582	9396
98	H	0.430800201	0.072974333	0.117765476	0.437845999	0.505807814	0.375961538	0.068965517	0.271264368	0.431034483	0.271028037	0.275574113	0.265984655	0.173563218	0.05862069	0.182758621	0.486206897	0.267326733	0.220994475	0.521916412	0.961206897	0.130141191	0.089625537	0.073664825	0.103130755	0.251074279	0.186544343	0.764525994	0.610601427	0.120285423	0.260958206	0.856269113	0.327217125	0.028542304	0.505606524	0.067278287	0.345565749	12805
99	H	0.382986767	0.173534972	0.082041588	0.412476371	0.477195946	0.360027379	0.047662695	0.238313474	0.313609467	0.21641791	0.247787611	0.228136882	0.140238313	0.038496792	0.183318057	0.539871677	0.220472441	0.235559567	0.514460999	0.966942149	0.113267148	0.097472924	0.072202166	0.104693141	0.201263538	0.31375986	0.649430324	0.787905346	0.141104294	0.122699387	0.752848379	0.332164768	0.024539877	0.462751972	0.080631025	0.168273444	14152
100	H	0.45272302	0.089208152	0.07985299	0.442699632	0.504847645	0.384764364	0.02490566	0.24754717	0.290196078	0.278787879	0.255144033	0.238255034	0.13509434	0.049811321	0.230943396	0.471698113	0.253644315	0.189772273	0.524657534	0.966153846	0.144626448	0.10387535	0.079504594	0.09029165	0.254494606	0.193150685	0.756849315	0.45	0.165753425	0.26369863	0.849315068	0.339726027	0.02260274	0.52739726	0.081506849	0.456849315	13165
101	H	0.43315508	0.051604278	0.105347594	0.485828877	0.550289626	0.419337317	0.07044579	0.253164557	0.371541502	0.261261261	0.274641148	0.224093264	0.141441937	0.069345074	0.161254816	0.50963126	0.198863636	0.181524548	0.559312936	0.967254408	0.134043928	0.097222222	0.092700258	0.125645995	0.252583979	0.114331723	0.851851852	0.44229737	0.313472893	0.331186259	0.877079979	0.381105743	0.012882448	0.450885668	0.084809447	0.257648953	13499.5
102	H	0.562335217	0.038418079	0.296798493	0.274576271	0.3328	0.222775801	0.164609053	0.50617284	0.584745763	0.464285714	0.492788462	0.523961661	0.36351166	0.008230453	0.170096022	0.314128944	0.279069767	0.261456826	0.407364787	0.975247525	0.092137	0.04341534	0.024602026	0.025566811	0.450554752	0.001150748	0.995397008	0.779056387	0	0.060989643	0.99424626	0.326812428	0.008055236	0.693901036	0.04027618	0.930955121	8704
103	H	0.371497198	0.088070456	0.082065653	0.494395516	0.553781513	0.440366972	0.042105263	0.247773279	0.358108108	0.252873563	0.265553869	0.227430556	0.16437247	0.03562753	0.179757085	0.531983806	0.266666667	0.176215696	0.463149079	0.975308642	0.161290323	0.099181512	0.084737602	0.107847857	0.183919114	0.175879397	0.782244556	0.555276382	0.04438861	0.297319933	0.849246231	0.278894472	0.00921273	0.443048576	0.083752094	0.459798995	14347
104	H	0.330955777	0.188777936	0.05658583	0.416072278	0.478787879	0.360287511	0.004571429	0.224	0.467889908	0.203592814	0.255274262	0.187032419	0.141714286	0.075428571	0.105142857	0.592	0.19858156	0.229489386	0.32	1	0.163511188	0.122203098	0.068846816	0.05794607	0.13080895	0.6375	0.33375	0.88125	0.00375	0.24625	0.50375	0.105	0.04125	0.35	0.16	0.1275	20024.5
105	H	0.442185515	0.109911055	0.186149936	0.394536213	0.453910615	0.344988345	0.1352657	0.3784219	0.447154472	0.391304348	0.363076923	0.39527027	0.265700483	0.020933977	0.220611916	0.3784219	0.340909091	0.351489362	0.460972018	0.974452555	0.13787234	0.083404255	0.05106383	0.034893617	0.155744681	0	0.998527246	1	0	0.088365243	1	0.377025037	0.004418262	0.609720177	0.029455081	1.051546392	9999
106	H	0.384615385	0.129310345	0.058355438	0.478116711	0.52757079	0.438470729	0.027739251	0.27739251	0.365079365	0.127659574	0.265536723	0.288828338	0.155339806	0.026352288	0.191400832	0.502080444	0.337349398	0.256562235	0.475100942	0.979487179	0.215918713	0.093988146	0.049110923	0.038103302	0.105842506	0.004037685	0.99461642	1	0	0.065948856	0.99730821	0.222072678	0.004037685	0.481830417	0.040376851	1.033647376	12115
107	H	0.514476615	0.04766147	0.296659243	0.352783964	0.421903052	0.284703802	0.222222222	0.53030303	0.616438356	0.544642857	0.514893617	0.552795031	0.361111111	0.023989899	0.175505051	0.27020202	0.32173913	0.432328416	0.296187683	0.965738758	0.142398974	0.053239256	0.02822322	0.020525978	0.194996793	0.001466276	0.991202346	1	0	0.06744868	0.995601173	0.195014663	0	0.651026393	0.035190616	1.076246334	8233
108	A	0.528556594	0.033229491	0.153686397	0.267912773	0.347058824	0.178807947	0	0.112403101	0.142857143	0.192307692	0.141242938	0.049382716	0.081395349	0.023255814	0.403100775	0.457364341	0.1	0.079569892	0.45	0.642857143	0.061290323	0.043010753	0.037634409	0.080645161	0.624731183	0.683333333	0.133333333	0.866666667	0	0.283333333	0.85	0.283333333	0.083333333	0.55	0.2	0	17485
109	H	0.364609572	0.153652393	0.061712846	0.413098237	0.483116883	0.347188264	0.030487805	0.25	0.423076923	0.198113208	0.266129032	0.228873239	0.143292683	0.047256098	0.160060976	0.542682927	0.221052632	0.318952234	0.42	0.980392157	0.179506934	0.050077042	0.067026194	0.04853621	0.144067797	0.524285714	0.438571429	0.922857143	0.032857143	0.19	0.605714286	0.215714286	0.034285714	0.457142857	0.104285714	0.227142857	14792
110	H	0.419945105	0.101555352	0.077310156	0.425434584	0.480901077	0.376824034	0.047311828	0.255913978	0.451851852	0.254385965	0.264765784	0.246013667	0.146236559	0.025806452	0.175268817	0.541935484	0.276923077	0.274135876	0.365384615	0.991501416	0.165673421	0.072109654	0.058402861	0.069725864	0.169249106	0.338235294	0.653846154	0.419683258	0.013574661	0.17760181	0.797511312	0.135746606	0.010180995	0.411764706	0.074660633	0.648190045	15261
111	H	0.551002616	0.034437663	0.222755013	0.346120314	0.428571429	0.273026316	0.075566751	0.405541562	0.561151079	0.324074074	0.376623377	0.445783133	0.234256927	0.021410579	0.206549118	0.365239295	0.316239316	0.389750506	0.236686391	0.985239852	0.163182738	0.061362104	0.023600809	0.036412677	0.195549562	0.068047337	0.918639053	0.473372781	0.00887574	0.355029586	0.961538462	0.093195266	0.014792899	0.49852071	0.044378698	0.98816568	10522
112	H	0.533209647	0.035250464	0.260853432	0.354359926	0.430107527	0.28356066	0.142408377	0.412565445	0.537931034	0.434782609	0.385714286	0.450632911	0.264921466	0.019895288	0.202094241	0.363350785	0.341935484	0.392898719	0.259043174	0.978405316	0.148428405	0.062281723	0.037252619	0.048894063	0.179860303	0.026837806	0.96966161	0.035005834	0.001166861	0.401400233	0.960326721	0.108518086	0.002333722	0.487747958	0.058343057	0.983663944	10021
113	H	0.493384785	0.073318633	0.088202867	0.375413451	0.43020595	0.324468085	0.041116006	0.356828194	0.598290598	0.164705882	0.340425532	0.37704918	0.221732746	0.03671072	0.174743025	0.430249633	0.306930693	0.394230769	0.273031826	0.965517241	0.151442308	0.063301282	0.03125	0.025641026	0.155448718	0.236180905	0.747068677	0.319932998	0	0.144053601	0.855946399	0.110552764	0.02680067	0.514237856	0.085427136	0.721943049	12345.5
114	H	0.42945874	0.107808341	0.124667258	0.386424135	0.468125595	0.315045719	0.068886338	0.353616533	0.496183206	0.294573643	0.329268293	0.385224274	0.22043628	0.016073479	0.194029851	0.435132032	0.270833333	0.41342121	0.32408575	0.984575835	0.164769323	0.043738766	0.026962253	0.025164769	0.142001198	0.290037831	0.704918033	0.692307692	0	0.085750315	0.931904161	0.133669609	0.003783102	0.530895334	0.063051702	0.733921816	12574
115	A	0.42703533	0.082949309	0.178187404	0.397849462	0.48048048	0.311320755	0.123552124	0.451737452	0.666666667	0.407407407	0.425	0.494949495	0.274131274	0.027027027	0.138996139	0.378378378	0.263157895	0.405295316	0.299107143	0.958333333	0.156822811	0.042769857	0.036659878	0.032586558	0.16700611	0.183035714	0.794642857	0.973214286	0	0.133928571	0.857142857	0.165178571	0.008928571	0.504464286	0.125	1.334821429	10946
116	H	0.411572409	0.136319059	0.050997058	0.40928408	0.445757997	0.376927822	0.015974441	0.143769968	0.23015873	0.145728643	0.15600624	0.130932897	0.083067093	0.042332268	0.121405751	0.690095847	0.116666667	0.106573318	0.432561852	0.968481375	0.135744846	0.091015169	0.091015169	0.108129133	0.278101906	0.517158819	0.446927374	0.936951317	0.036711891	0.251396648	0.504389465	0.192338388	0.031125299	0.30726257	0.173982442	0.211492418	20539
117	H	0.468895801	0.087091757	0.15318818	0.388024883	0.485507246	0.296992481	0.068136273	0.343687375	0.468599034	0.282208589	0.326699834	0.369620253	0.209418838	0.029058116	0.20240481	0.418837675	0.276119403	0.351226994	0.300498753	0.985010707	0.153885481	0.06799591	0.047546012	0.032719836	0.188650307	0.210723192	0.769326683	0.846633416	0.052369077	0.199501247	0.815461347	0.112219451	0.017456359	0.480049875	0.097256858	0.695760599	13758
118	H	0.282258065	0.097507331	0.021260997	0.605571848	0.624	0.589986468	0	0.100484262	0.212121212	0.08	0.092307692	0.107798165	0.056900726	0.059322034	0.115012107	0.725181598	0.21686747	0.050675676	0.459863946	1	0.130912162	0.124155405	0.175675676	0.241554054	0.13597973	0.065306122	0.918367347	0.619047619	0.367346939	0.585034014	0.587755102	0.081632653	0.013605442	0.140136054	0.189115646	0	24899
119	H	0.351860358	0.127698668	0.027101516	0.479099678	0.523311132	0.437833037	0.015340364	0.16970278	0.297520661	0.194117647	0.194545455	0.14198783	0.100671141	0.076701822	0.13135187	0.61936721	0.201438849	0.139943343	0.381003202	0.976271186	0.158640227	0.106515581	0.121246459	0.139376771	0.133144476	0.553895411	0.395944504	0.750266809	0.144076841	0.382070438	0.501600854	0.160085379	0.046958378	0.281750267	0.200640342	0.011739594	23442
120	H	0.371363636	0.132272727	0.062272727	0.437727273	0.511787819	0.37394247	0.016614746	0.241952233	0.452380952	0.189349112	0.232245681	0.253393665	0.141225337	0.04569055	0.124610592	0.583592939	0.175324675	0.263824885	0.365321701	0.996644295	0.157834101	0.088133641	0.070276498	0.077764977	0.131912442	0.452562704	0.528898582	0.797164667	0.00436205	0.167938931	0.574700109	0.163576881	0.011995638	0.417666303	0.116684842	0.276990185	15896
121	H	0.431274346	0.116304953	0.117974402	0.395659432	0.451649602	0.34204793	0.050632911	0.329113924	0.486725664	0.41	0.304785894	0.359872611	0.205344585	0.023909986	0.205344585	0.441631505	0.313559322	0.43245283	0.27724359	0.990825688	0.165283019	0.043018868	0.018113208	0.022641509	0.133584906	0.299679487	0.674679487	0.923076923	0.004807692	0.139423077	0.75	0.136217949	0.025641026	0.501602564	0.080128205	0.602564103	12173
122	H	0.243977977	0.201307639	0.030282175	0.496902959	0.53978979	0.460609911	0.008310249	0.102493075	0.164179104	0.115625	0.101529903	0.103448276	0.052631579	0.102493075	0.074792244	0.719529086	0.135416667	0.052631579	0.458030403	0.987804878	0.08547685	0.145627226	0.149188761	0.316580926	0.110011872	0.125578321	0.871116986	0.452081956	0.197620621	0.645076008	0.471249174	0.088565763	0.058162591	0.144745539	0.248512888	0	29170
123	H	0.281066426	0.209670131	0.024853141	0.441482151	0.512077295	0.379456706	0	0.085977482	0.18	0.065	0.081132075	0.091722595	0.045035824	0.094165814	0.103377687	0.716479017	0.130718954	0.090909091	0.375796178	0.996212121	0.132231405	0.138842975	0.121212121	0.218181818	0.111294766	0.432059448	0.555201699	0.798301486	0.041401274	0.504246285	0.353503185	0.050955414	0.057324841	0.184713376	0.229299363	0.063694268	28252.5
124	H	0.314901048	0.162398137	0.030267753	0.462747381	0.502544529	0.429184549	0	0.140880503	0.354166667	0.119047619	0.121518987	0.16	0.086792453	0.042767296	0.109433962	0.704402516	0.142857143	0.155459147	0.318681319	0.987654321	0.227042661	0.10845987	0.08604483	0.07230658	0.116413594	0.494505495	0.48489011	0.678571429	0.001373626	0.450549451	0.534340659	0.050824176	0.010989011	0.254120879	0.190934066	0.343406593	21313
125	A																																					21567.13
126	H	0.335339168	0.109956236	0.031728665	0.526258206	0.579861111	0.478215768	0	0.095634096	0.164835165	0.142857143	0.101796407	0.088937093	0.04989605	0.071725572	0.138253638	0.692307692	0.159292035	0.071201526	0.488624052	0.988235294	0.101716465	0.105530833	0.148760331	0.266369994	0.1913541	0.236186349	0.738894908	0.426868906	0.144095341	0.634886241	0.703141928	0.179848321	0.036836403	0.22751896	0.19176598	0.150595883	21165
127	H	0.32407932	0.120679887	0.045325779	0.499716714	0.528484848	0.474468085	0.022675737	0.172335601	0.267605634	0.191616766	0.190366972	0.15470852	0.115646259	0.06462585	0.132653061	0.630385488	0.215053763	0.134718499	0.514099783	0.982954545	0.136729223	0.105227882	0.097184987	0.189678284	0.156836461	0.218004338	0.754880694	0.496746204	0.017353579	0.354663774	0.698481562	0.250542299	0.046637744	0.393709328	0.146420824	0.315618221	18645
128	H	0.283099191	0.171136654	0.051085568	0.488292891	0.550047664	0.438461538	0.013949433	0.16652136	0.325842697	0.145454545	0.162911612	0.170175439	0.101133391	0.042720139	0.092414996	0.694856146	0.193333333	0.12245935	0.423255814	0.991071429	0.130589431	0.109756098	0.12703252	0.18648374	0.12195122	0.28372093	0.706046512	0.413023256	0.217674419	0.437209302	0.637209302	0.144186047	0.024186047	0.296744186	0.171162791	0.260465116	20332
129	H	0.369058296	0.119282511	0.052466368	0.455605381	0.497131931	0.418918919	0.015748031	0.183070866	0.365591398	0.108974359	0.175	0.191532258	0.106299213	0.06496063	0.131889764	0.619094488	0.181208054	0.148994018	0.461393597	0.993031359	0.110386079	0.095704187	0.102229473	0.209352909	0.193583469	0.313559322	0.610169492	0.768361582	0.040489642	0.198681733	0.620527307	0.255178908	0.093220339	0.371939736	0.164783427	0.147834275	19064.5
130	H	0.383206789	0.103617686	0.181330951	0.45734703	0.537351443	0.368520264	0.13671875	0.353515625	0.427480916	0.372623574	0.360189573	0.342710997	0.204101563	0.075195313	0.151367188	0.416992188	0.246031746	0.318478261	0.389221557	0.977777778	0.142934783	0.061413043	0.050543478	0.051086957	0.183695652	0.449101796	0.479041916	0.952095808	0.035928144	0.123353293	0.652694611	0.276646707	0.025149701	0.497005988	0.091017964	0.149700599	14365
131	H	0.423865006	0.080755323	0.074327039	0.458015267	0.531914894	0.391933029	0.033333333	0.25	0.377142857	0.243243243	0.2688	0.227184466	0.150877193	0.063157895	0.178947368	0.506140351	0.198076923	0.183783784	0.467889908	0.9669967	0.154299754	0.081572482	0.078624079	0.103685504	0.223587224	0.235779817	0.718348624	0.609174312	0.167889908	0.3	0.767889908	0.289908257	0.030275229	0.442201835	0.095412844	0.286238532	15596
132	H	0.446012703	0.080451658	0.085391673	0.429781228	0.479441997	0.383831522	0.018883415	0.243842365	0.390243902	0.22875817	0.280245023	0.201769912	0.155172414	0.055829228	0.154351396	0.544334975	0.220394737	0.1953125	0.429180887	0.972850679	0.145680147	0.096507353	0.082720588	0.110753676	0.213694853	0.313993174	0.651023891	0.594709898	0.159556314	0.279010239	0.73890785	0.214163823	0.029863481	0.423208191	0.105802048	0.340443686	15098
133	H	0.377406282	0.116514691	0.042046606	0.460992908	0.501039501	0.422924901	0	0.215384615	0.362831858	0.162790698	0.219917012	0.210280374	0.130769231	0.051648352	0.137362637	0.592307692	0.130769231	0.16146789	0.463617464	0.994818653	0.197553517	0.082568807	0.083180428	0.092966361	0.189602446	0.529106029	0.434511435	0.872141372	0.020790021	0.133056133	0.557172557	0.271309771	0.014553015	0.433471933	0.122661123	0.005197505	16964
134	H	0.405904059	0.10101476	0.085793358	0.455719557	0.517771374	0.398402839	0.032388664	0.266194332	0.421052632	0.2	0.257884972	0.276169265	0.153846154	0.048582996	0.133603239	0.546558704	0.163120567	0.208092486	0.40785169	0.988847584	0.16300578	0.100578035	0.086705202	0.086127168	0.165317919	0.526717557	0.443838604	0.815703381	0.061068702	0.221374046	0.575790622	0.245365322	0.032715376	0.430752454	0.119956379	0.118865867	16032.5
135	H	0.377279102	0.133239832	0.059841047	0.413744741	0.468972533	0.366782007	0.021468927	0.262146893	0.446601942	0.208633094	0.286334056	0.235849057	0.179661017	0.048587571	0.099435028	0.585310734	0.24952741	0.252386635	0.313559322	0.981762918	0.159904535	0.076968974	0.060859189	0.087112172	0.144391408	0.520581114	0.455205811	0.853510896	0.004842615	0.222760291	0.634382567	0.08716707	0.041162228	0.421307506	0.131961259	0.322033898	17603
136	H	0.376379362	0.130032806	0.065911124	0.440202803	0.505667506	0.381303116	0.024390244	0.217479675	0.424418605	0.149425287	0.239103362	0.191679049	0.130758808	0.054200542	0.136856369	0.588753388	0.182716049	0.204841713	0.354302242	0.984478936	0.193668529	0.090875233	0.075977654	0.054376164	0.154934823	0.555314534	0.4164859	0.830079537	0.01373825	0.221258134	0.535068691	0.17208966	0.020245842	0.392624729	0.138828633	0.096167751	17962
137	H	0.385468663	0.121464226	0.075429839	0.454242928	0.508083141	0.404482391	0.039072039	0.170940171	0.27	0.201923077	0.161363636	0.182058047	0.10989011	0.042735043	0.146520147	0.637362637	0.161637931	0.183499289	0.334733894	0.979166667	0.187055477	0.129445235	0.079658606	0.071834993	0.147226174	0.448179272	0.528011204	0.56302521	0.102240896	0.306722689	0.701680672	0.131652661	0.022408964	0.30952381	0.148459384	0.427170868	17197.5
138	A	0.30952381	0.142857143	0.023809524	0.476190476	0.590909091	0.35	0	0.1		0	0.153846154	0	0.05	0.15	0.05	0.7	0.333333333	0.081081081	0.476190476	1	0.189189189	0.027027027	0.081081081	0.108108108	0.243243243	0.619047619	0.285714286	1	0	0.238095238	0.619047619	0.380952381	0.142857143	0.19047619	0.333333333	0	19684.1
139	H	0.414906832	0.052795031	0.038509317	0.482608696	0.534854246	0.432399513	0.002574003	0.154440154	0.322580645	0.117647059	0.106635071	0.211267606	0.091377091	0.021879022	0.145431145	0.671814672	0.176470588	0.177246496	0.174484053	0.973244147	0.245671888	0.107996702	0.060181369	0.037098104	0.145094806	0.617260788	0.375234522	0.332082552	0.015009381	0.4315197	0.681050657	0.028142589	0.022514071	0.195121951	0.240150094	0.330206379	23251
140	H	0.355958958	0.142067877	0.046566693	0.453433307	0.511764706	0.401785714	0.006962576	0.147954743	0.342592593	0.148148148	0.154351396	0.140740741	0.091383812	0.047867711	0.120974761	0.682332463	0.133333333	0.132734531	0.273009307	0.986486486	0.218562874	0.101796407	0.086826347	0.080838323	0.135229541	0.823164426	0.143743537	0.971044467	0.007238883	0.197518097	0.283350569	0.058945191	0.047569804	0.244053775	0.240951396	0.024819028	24089
141	H	0.39626352	0.098328417	0.042281219	0.479842675	0.504495504	0.455953533	0.016393443	0.180327869	0.386792453	0.089430894	0.174257426	0.186836518	0.109631148	0.028688525	0.129098361	0.660860656	0.159090909	0.178142767	0.325757576	0.997142857	0.206569804	0.086544536	0.077700569	0.074542009	0.161086545	0.554292929	0.416666667	0.811868687	0.041666667	0.316919192	0.390151515	0.132575758	0.011363636	0.281565657	0.161616162	0.027777778	22014
142	A	0.385224274	0.116094987	0.021108179	0.482849604	0.528735632	0.443902439	0.021857923	0.18579235	0.4	0.0625	0.152173913	0.21978022	0.098360656	0.021857923	0.169398907	0.62295082	0.136363636	0.194630872	0.398773006	0.946428571	0.218120805	0.090604027	0.067114094	0.063758389	0.130872483	0.282208589	0.705521472	0.981595092	0.012269939	0.165644172	0.779141104	0.036809816	0.018404908	0.343558282	0.104294479	0.736196319	17078
143	H	0.378850103	0.139117043	0.038501027	0.431724846	0.483695652	0.385214008	0.010701546	0.133174792	0.325581395	0.117647059	0.150561798	0.113636364	0.067776457	0.033293698	0.123662307	0.708680143	0.114052953	0.130353818	0.35519802	0.995744681	0.194909994	0.074487896	0.073867163	0.08317815	0.204841713	0.70049505	0.251237624	0.862623762	0.086633663	0.228960396	0.366336634	0.211633663	0.033415842	0.28960396	0.178217822	0	25323
144	H	0.377869605	0.12855831	0.041322314	0.453627181	0.497126437	0.413580247	0.004048583	0.159919028	0.319672131	0.140939597	0.165703276	0.153518124	0.08805668	0.042510121	0.148785425	0.647773279	0.138686131	0.138591549	0.39624609	0.989619377	0.18028169	0.098028169	0.076056338	0.102535211	0.174084507	0.597497393	0.348279458	0.861313869	0.087591241	0.257559958	0.500521376	0.216892596	0.035453597	0.363920751	0.145985401	0.089676747	19949.5
145	H	0.320877817	0.168446026	0.053380783	0.494068802	0.567320261	0.433224756	0.019207683	0.241296519	0.36440678	0.25203252	0.253456221	0.228070175	0.130852341	0.039615846	0.166866747	0.552220888	0.189473684	0.203401361	0.526558891	0.979020979	0.173469388	0.092517007	0.06462585	0.084353741	0.13877551	0.23556582	0.733256351	0.384526559	0.055427252	0.412240185	0.736720554	0.2147806	0.017321016	0.415704388	0.080831409	0.396073903	15971.5
146	H	0.356435644	0.193069307	0.081008101	0.394689469	0.455868089	0.341729639	0.031927024	0.244013683	0.36	0.197183099	0.257446809	0.228501229	0.148232611	0.021664766	0.15963512	0.571265678	0.235059761	0.319476082	0.387133183	0.996884735	0.175968109	0.058656036	0.040432802	0.03929385	0.112186788	0.27765237	0.706546275	0.757336343	0.023702032	0.146726862	0.806997743	0.133182844	0.018058691	0.435665914	0.097065463	0.699774266	13976.5
147	H	0.330786026	0.171943231	0.030567686	0.443231441	0.477916195	0.410958904	0.003694581	0.121921182	0.377358491	0.147435897	0.113744076	0.130769231	0.07635468	0.044334975	0.100985222	0.727832512	0.085192698	0.159509202	0.305630027	0.973076923	0.209952284	0.085207907	0.064076346	0.082481254	0.132242672	0.875335121	0.100536193	0.938337802	0.008042895	0.222520107	0.258713137	0.091152815	0.037533512	0.252010724	0.197050938	0.002680965	23494.5
148	H	0.375589314	0.158198009	0.018334206	0.430591933	0.47942158	0.387128713	0	0.105839416	0.327586207	0.110169492	0.102088167	0.109974425	0.058394161	0.03406326	0.099756691	0.759124088	0.143712575	0.156675749	0.29	0.997093023	0.229564033	0.100817439	0.067438692	0.057220708	0.147820163	0.861428571	0.072857143	0.695714286	0.014285714	0.46	0.217142857	0.117142857	0.024285714	0.274285714	0.207142857	0.014285714	26514.5
149	A	0.416666667	0.068627451	0.004901961	0.492647059	0.527777778	0.453125	0	0.069651741	0.266666667	0.117647059	0.070175439	0.068965517	0.034825871	0.029850746	0.084577114	0.815920398	0.068965517	0.138513514	0.1484375	0.977272727	0.243243243	0.121621622	0.118243243	0.081081081	0.141891892	0.796875	0.1953125	0.4453125	0.4375	0.703125	0.40625	0.0234375	0.03125	0.1328125	0.40625	0.125	18848
150	H	0.347490347	0.150579151	0.01029601	0.395109395	0.470139771	0.318122555	0.006514658	0.154723127	0.421875	0.115384615	0.137837838	0.180327869	0.087947883	0.026058632	0.131921824	0.682410423	0.093220339	0.226171244	0.172022684	0.996376812	0.252019386	0.049273021	0.03634895	0.011308562	0.130048465	0.958412098	0.017013233	0.935727788	0.001890359	0.582230624	0.860113422	0.018903592	0.052930057	0.213610586	0.213610586	0.007561437	18409
151	H	0.283261803	0.201180258	0.012339056	0.448497854	0.49543379	0.406882591	0.004784689	0.100478469	0.214285714	0.08988764	0.092165899	0.109452736	0.055023923	0.077751196	0.090909091	0.730861244	0.126865672	0.139475368	0.254054054	0.991111111	0.232245681	0.110684581	0.086372361	0.069737684	0.102367242	0.818918919	0.151351351	0.656756757	0.024324324	0.641891892	0.268918919	0.033783784	0.055405405	0.155405405	0.294594595	0.040540541	19417
152	H	0.333333333	0.104885057	0.018678161	0.490421456	0.543718593	0.441903019	0	0.12109375	0.318681319	0.112107623	0.101663586	0.142857143	0.060546875	0.05078125	0.103515625	0.723632813	0.144827586	0.143546441	0.234200743	0.996644295	0.205669481	0.123039807	0.103136309	0.093486128	0.105548854	0.600991326	0.372986369	0.309789343	0.241635688	0.718711276	0.411400248	0.068153656	0.050805452	0.156133829	0.31598513	0.166047088	19417
153	H	0.304761905	0.217261905	0.022619048	0.435714286	0.499337748	0.383783784	0.005464481	0.143442623	0.263157895	0.146153846	0.135278515	0.152112676	0.079234973	0.069672131	0.102459016	0.681693989	0.163636364	0.203034682	0.355648536	1	0.229046243	0.088150289	0.063583815	0.055635838	0.106213873	0.640167364	0.227336123	0.733612273	0.094839609	0.430962343	0.513249651	0.129707113	0.036262204	0.330543933	0.19665272	0.184100418	20892.83
154	A																																					16962
155	H	0.342682927	0.144207317	0.054573171	0.464939024	0.516169943	0.417498532	0.005245902	0.169180328	0.335403727	0.114942529	0.170761671	0.167369902	0.09704918	0.045901639	0.131147541	0.651803279	0.139737991	0.208570345	0.290421456	0.986928105	0.216913159	0.091770952	0.067880167	0.054607509	0.123246113	0.536398467	0.42835249	0.798467433	0.083524904	0.382375479	0.505747126	0.0651341	0.023754789	0.26743295	0.17394636	0.253639847	28471.75
156	H	0.397291196	0.104740406	0.063205418	0.409029345	0.458563536	0.361381754	0.017660044	0.219646799	0.414893617	0.184713376	0.204819277	0.237745098	0.146799117	0.05187638	0.112582781	0.613686534	0.156462585	0.229363208	0.171171171	0.973544974	0.205778302	0.083136792	0.05365566	0.041863208	0.161556604	0.423423423	0.555555556	0.40990991	0.069069069	0.447447447	0.615615616	0.028528529	0.033033033	0.214714715	0.217717718	0.477477477	22241.25
157	H	0.309881847	0.191192266	0.030075188	0.45810956	0.528009535	0.400782014	0.004689332	0.186400938	0.333333333	0.167785235	0.178329571	0.195121951	0.11137163	0.03985932	0.138335287	0.62954279	0.198473282	0.261889251	0.357907253	0.987068966	0.179153094	0.084690554	0.066449511	0.035830619	0.09771987	0.305588585	0.659928656	0.774078478	0.005945303	0.195005945	0.738406659	0.063020214	0.01902497	0.378121284	0.109393579	0.576694411	24741.25
158	H	0.263717567	0.219055721	0.028923862	0.46958741	0.514064016	0.434848485	0.018115942	0.133152174	0.330188679	0.167487685	0.137735849	0.128919861	0.087862319	0.055253623	0.11865942	0.689311594	0.183544304	0.173413293	0.439252336	0.983606557	0.213893053	0.105947026	0.084457771	0.085957021	0.082958521	0.367884452	0.602378929	0.439252336	0.134239592	0.423959218	0.501274427	0.129141886	0.004248088	0.298215803	0.136788445	0.121495327	24970.5
159	H	0.338931298	0.167938931	0.021374046	0.449872774	0.531151003	0.374263261	0.013574661	0.134615385	0.3	0.120805369	0.135188867	0.133858268	0.084841629	0.062217195	0.102941176	0.695701357	0.109375	0.220142027	0.310209424	1	0.220142027	0.083925113	0.050355068	0.037443512	0.108457069	0.844240838	0.098167539	0.947643979	0.002617801	0.246073298	0.285340314	0.07460733	0.027486911	0.264397906	0.204188482	0.007853403	19580.21
160	H	0.335342466	0.180273973	0.008767123	0.413150685	0.475390156	0.360887097	0	0.183023873	0.371794872	0.122302158	0.174242424	0.19273743	0.120689655	0.035809019	0.127320955	0.653846154	0.196581197	0.256766135	0.303112314	0.996363636	0.229007634	0.072866065	0.028452464	0.019430951	0.100624566	0.465493911	0.52232747	0.803788904	0.00135318	0.207036536	0.634641407	0.073071719	0.0202977	0.324763194	0.125845737	0.49255751	23138.183
161	H	0.355753647	0.123176661	0.02471637	0.462722853	0.526992288	0.405073021	0.003502627	0.144483363	0.398148148	0.137931034	0.136585366	0.15370019	0.087565674	0.042031524	0.11558669	0.695271454	0.101694915	0.241649269	0.262472885	0.984615385	0.209290188	0.0934238	0.061064718	0.045407098	0.114822547	0.775488069	0.202819957	0.851409978	0.090021692	0.267895879	0.339479393	0.039045553	0.039045553	0.248373102	0.197396963	0.129067245	19702.8
162	H	0.395759717	0.116102978	0.039374054	0.412922766	0.486855941	0.344660194	0.004889976	0.210268949	0.373626374	0.215277778	0.190064795	0.236619718	0.123471883	0.026894866	0.152811736	0.605134474	0.203252033	0.324306026	0.226277372	0.988571429	0.230196344	0.046716317	0.031821259	0.007447529	0.118483412	0.672992701	0.300729927	0.745985401	0.010218978	0.195620438	0.547445255	0.026277372	0.018978102	0.280291971	0.169343066	0.281751825	16962
163	H	0.417157275	0.068965517	0.038267452	0.489066442	0.532272325	0.449879711	0.013757524	0.202063629	0.31884058	0.25	0.169435216	0.237076649	0.126397248	0.033533964	0.134995701	0.627687016	0.2	0.240114613	0.265750286	0.990632319	0.256733524	0.081375358	0.053868195	0.029226361	0.123782235	0.373424971	0.608247423	0.565864834	0.099656357	0.295532646	0.694158076	0.084765178	0.025200458	0.273768614	0.16838488	0.550973654	19533
164	Z	0.37590157	0.114552397	0.009758167	0.432329232	0.484848485	0.381863561	0	0.074582924	0.25	0.075268817	0.064285714	0.087145969	0.037291462	0.15407262	0.062806673	0.704612365	0.054545455	0.068432671	0.128272251	1	0.149006623	0.127483444	0.137969095	0.180463576	0.165562914	0.947643979	0.022251309	0.320680628	0.234293194	0.861256545	0.130890052	0.009162304	0.191099476	0.077225131	0.585078534	0	23961
165	H	0.297883598	0.170899471	0.022222222	0.438624339	0.49833887	0.383991895	0.009650181	0.125452352	0.349206349	0.092198582	0.117777778	0.134564644	0.067551267	0.037394451	0.104945718	0.726176116	0.122137405	0.221153846	0.344654088	0.991150442	0.205128205	0.080128205	0.077564103	0.046153846	0.112179487	0.645283019	0.335849057	0.659119497	0.06163522	0.474213836	0.405031447	0.183647799	0.01509434	0.221383648	0.181132075	0.065408805	22104
166	H	0.303900325	0.128927411	0.02708559	0.52383532	0.549086758	0.501030928	0.012409514	0.122026887	0.314285714	0.121693122	0.116424116	0.127572016	0.057911065	0.07549121	0.105480869	0.697001034	0.12295082	0.135117493	0.41216992	0.972850679	0.203655352	0.114882507	0.115535248	0.096605744	0.11618799	0.510907003	0.445464983	0.58783008	0.044776119	0.451205511	0.451205511	0.154994259	0.033295063	0.237657865	0.192881745	0.056257176	21779
167	H	0.324541797	0.178810907	0.024139473	0.45015646	0.516472868	0.393360996	0.015888779	0.167825223	0.289473684	0.198019802	0.174484053	0.160337553	0.090367428	0.094339623	0.11817279	0.616683217	0.146341463	0.188343227	0.389167503	1	0.209929843	0.077711819	0.080949811	0.064220183	0.120885051	0.544633902	0.323971916	0.693079238	0.063189569	0.301905717	0.544633902	0.160481444	0.040120361	0.376128385	0.161484453	0.088264794	21424.5
168	H	0.403369209	0.106223678	0.052877866	0.440804867	0.502982107	0.385499558	0.038216561	0.214437367	0.480392157	0.23880597	0.219367589	0.208715596	0.129511677	0.055201699	0.146496815	0.580679406	0.220588235	0.215027489	0.332527207	0.988668555	0.19792303	0.095907147	0.070861332	0.048869884	0.159437996	0.291414752	0.646916566	0.806529625	0.095525998	0.270858525	0.737605804	0.139056832	0.038694075	0.355501814	0.158403869	0.467956469	17480
169	H	0.2489301	0.007132668	0.208273894	0.030670471	0.021857923	0.123966942	0.093023256	0.069767442	0	0	0.035714286	0.133333333	0.046511628	0.046511628	0.069767442	0.813953488	0	0.176512968	0.192307692	1	0.416426513	0.097262248	0.005763689	0.037463977	0.002161383	0.423076923	0.576923077	1	0	0.692307692	1	0	0.038461538	0.038461538	0.461538462	0	19945.26
170	H	0.354910714	0.146577381	0.058035714	0.430059524	0.489220564	0.381916329	0.01384083	0.164359862	0.270833333	0.141414141	0.166101695	0.16254417	0.091695502	0.024221453	0.150519031	0.653979239	0.231707317	0.246404602	0.385585586	0.990338164	0.214765101	0.081495686	0.059443912	0.03451582	0.122722915	0.299099099	0.569369369	0.607207207	0.001801802	0.300900901	0.738738739	0.05045045	0.009009009	0.344144144	0.156756757	0.576576577	17141
171	H	0.308917197	0.218683652	0.064755839	0.401804671	0.472154964	0.346880907	0.026420079	0.187582563	0.366666667	0.133928571	0.197435897	0.177111717	0.112285337	0.027741083	0.188903567	0.589167768	0.153846154	0.249027237	0.436117936	1	0.190661479	0.083657588	0.060959792	0.048638132	0.105058366	0.264127764	0.658476658	0.646191646	0	0.34029484	0.783783784	0.14004914	0.011056511	0.378378378	0.127764128	0.616707617	15916
172	H	0.436221158	0.05746626	0.084893339	0.455376578	0.518181818	0.397660819	0.015296367	0.235181644	0.343065693	0.25974026	0.221052632	0.25210084	0.147227533	0.021032505	0.170172084	0.566921606	0.2	0.261975163	0.281323877	0.98053528	0.233589592	0.084565346	0.048492017	0.032525133	0.141336487	0.130023641	0.865248227	0.300236407	0	0.169030733	0.875886525	0.036643026	0.021276596	0.342789598	0.109929078	0.854609929	14875.5
173	H	0.3456909	0.162734714	0.041887338	0.44727973	0.480283114	0.417279412	0.012917115	0.167922497	0.393939394	0.203947368	0.176842105	0.158590308	0.088266954	0.049515608	0.118406889	0.662002153	0.142857143	0.174641148	0.31002331	0.97037037	0.215311005	0.084330144	0.06937799	0.05861244	0.130382775	0.604895105	0.367132867	0.804195804	0.052447552	0.333333333	0.490675991	0.113053613	0.017482517	0.257575758	0.174825175	0.164335664	21014
174	H	0.377686796	0.100307062	0.046059365	0.455987718	0.497308934	0.418536585	0.008978676	0.140291807	0.326530612	0.098901099	0.125541126	0.156177156	0.092031425	0.063973064	0.098765432	0.695847363	0.13559322	0.152466368	0.335427136	0.989130435	0.206278027	0.083920564	0.078155029	0.074951954	0.194746957	0.599246231	0.366834171	0.398241206	0.00879397	0.60678392	0.457286432	0.172110553	0.021356784	0.243718593	0.237437186	0.170854271	22871.5
175	H	0.278149387	0.238015608	0.012263099	0.418617614	0.473619632	0.372829418	0	0.119840213	0.384615385	0.138728324	0.111398964	0.128767123	0.071904128	0.059920107	0.07723036	0.739014647	0.141732283	0.143515471	0.362407862	0.979381443	0.214614878	0.081632653	0.084265964	0.053324556	0.111915734	0.662162162	0.318181818	0.794840295	0.002457002	0.371007371	0.342751843	0.122850123	0.022113022	0.272727273	0.167076167	0.108108108	21770
176	H	0.366420874	0.125354509	0.048780488	0.458309699	0.507025761	0.412541254	0.00990099	0.198019802	0.405660377	0.185714286	0.19630485	0.2	0.125	0.02970297	0.127475248	0.642326733	0.180586907	0.302142857	0.305232558	0.98467433	0.207857143	0.056428571	0.052142857	0.025	0.123571429	0.501453488	0.478197674	0.822674419	0.002906977	0.251453488	0.630813953	0.117732558	0.01744186	0.335755814	0.158430233	0.473837209	17657
177	H	0.323484463	0.19205298	0.060112073	0.434029547	0.490990991	0.386976744	0.009389671	0.160798122	0.379746835	0.152866242	0.160550459	0.161057692	0.102112676	0.063380282	0.103286385	0.667840376	0.175438596	0.228824273	0.386363636	1	0.159292035	0.098609355	0.077117573	0.052465234	0.113147914	0.564393939	0.349747475	0.720959596	0.090909091	0.258838384	0.523989899	0.137626263	0.03030303	0.343434343	0.162878788	0.273989899	19652
178	H	0.381512605	0.093557423	0.050420168	0.484593838	0.567567568	0.395348837	0.026589595	0.252023121	0.417475728	0.231884058	0.272380952	0.220588235	0.16300578	0.043930636	0.135260116	0.565317919	0.210884354	0.284164859	0.262295082	0.970588235	0.211135213	0.079537238	0.044107014	0.043383948	0.12219812	0.740983607	0.209836066	0.770491803	0.009836066	0.28852459	0.450819672	0.086885246	0.024590164	0.32295082	0.173770492	0.126229508	20397
179	H	0.351556568	0.123386484	0.045178436	0.469248292	0.52061439	0.423765211	0.01618123	0.173139159	0.358333333	0.186363636	0.181677019	0.163851351	0.109223301	0.051779935	0.131877023	0.642394822	0.207865169	0.194230769	0.333938294	0.981723238	0.211538462	0.093269231	0.087980769	0.076923077	0.117788462	0.287658802	0.691470054	0.567150635	0.088021779	0.361161525	0.735934664	0.051724138	0.014519056	0.29491833	0.143375681	0.613430127	17498
180	H	0.293311037	0.156856187	0.018394649	0.505685619	0.552457814	0.466502766	0.008597884	0.092592593	0.224489796	0.119850187	0.102257636	0.083003953	0.054232804	0.078042328	0.096560847	0.732142857	0.110810811	0.121199838	0.443895554	1	0.152006486	0.112282124	0.145926226	0.17430077	0.110660722	0.369795342	0.601270289	0.554693013	0.060691602	0.482709951	0.407904023	0.155257586	0.041637262	0.231474947	0.206774876	0.062808751	23917
181	H	0.317162808	0.105108416	0.034178611	0.552737964	0.600160256	0.512559403	0.005984043	0.132978723	0.320754717	0.095238095	0.124165554	0.141721854	0.071143617	0.050531915	0.123005319	0.692819149	0.208819715	0.148984199	0.423135464	0.966442953	0.172911964	0.11738149	0.134537246	0.134988713	0.100677201	0.196347032	0.783866058	0.386605784	0.142313546	0.462709285	0.710045662	0.098173516	0.00761035	0.238203957	0.147640791	0.260273973	20484
182	H	0.293367347	0.161443149	0.033892128	0.504008746	0.570602808	0.451402479	0.010845987	0.13087491	0.25210084	0.169491525	0.11577424	0.145953757	0.070137383	0.045553145	0.156905278	0.662328272	0.188046647	0.159877354	0.481294964	0.992882562	0.162505475	0.11651336	0.121769601	0.113885239	0.101182654	0.146043165	0.728057554	0.295683453	0	0.523021583	0.752517986	0.196402878	0.01294964	0.334532374	0.136690647	0.405755396	18091
183	H	0.269856459	0.149760766	0.021052632	0.549760766	0.601239669	0.505347594	0.000870322	0.106179286	0.172413793	0.072164948	0.097938144	0.114638448	0.051348999	0.098346388	0.114012185	0.680591819	0.123310811	0.069574821	0.490666667	0.994186047	0.091109884	0.134732192	0.171728327	0.289895086	0.130314743	0.166222222	0.814222222	0.639111111	0.087111111	0.488888889	0.576	0.179555556	0.073777778	0.194666667	0.248888889	0.004444444	25774
184	H	0.303022126	0.130868861	0.016459795	0.516189962	0.568489124	0.471820449	0.004181913	0.087297439	0.220930233	0.096	0.081695967	0.093023256	0.046523785	0.118139049	0.08625196	0.707266074	0.123931624	0.050731707	0.388193202	0.987562189	0.085528455	0.127154472	0.152520325	0.319349593	0.142764228	0.333333333	0.652355397	0.744186047	0.125223614	0.468097794	0.484197973	0.084078712	0.146690519	0.148479428	0.303518187	0.100178891	32699
185	H	0.376487559	0.091958168	0.020194735	0.438514245	0.46627566	0.411639461	0.003289474	0.075657895	0.169811321	0.078078078	0.050314465	0.103448276	0.030427632	0.184210526	0.069078947	0.667763158	0.080808081	0.070004636	0.173728814	0.994011976	0.117292536	0.132591562	0.138618452	0.219749652	0.178488642	0.850635593	0.13029661	0.274364407	0.205508475	0.810381356	0.245762712	0.027542373	0.195974576	0.060381356	0.547669492	0	41249
186	H	0.37870472	0.144895719	0.01701427	0.401756312	0.461009174	0.347368421	0.005464481	0.06147541	0.178571429	0.077348066	0.049751244	0.075757576	0.028688525	0.131147541	0.053278689	0.75273224	0.061538462	0.045390071	0.228346457	0.996941896	0.114184397	0.129787234	0.143262411	0.219148936	0.180141844	0.804724409	0.077165354	0.159055118	0.124409449	0.711811024	0.283464567	0.107086614	0.077165354	0.146456693	0.494488189	0.116535433	39759
187	H	0.424868368	0.123531794	0.136492507	0.392871608	0.456387665	0.338830585	0.06185567	0.281443299	0.475524476	0.246376812	0.297297297	0.263274336	0.167010309	0.026804124	0.144329897	0.544329897	0.300653595	0.316585629	0.250863061	0.995359629	0.169097785	0.072933549	0.037277147	0.03997839	0.148568341	0.15995397	0.836593786	0.765247411	0	0.384349827	0.842347526	0.01726122	0.002301496	0.332566168	0.116225547	0.582278481	16290
188	H	0.364432597	0.127570449	0.055978675	0.477151561	0.537539936	0.422125182	0.022346369	0.182761373	0.40397351	0.164021164	0.178306092	0.187931034	0.110933759	0.067039106	0.121308859	0.624900239	0.159509202	0.248549323	0.285418821	0.972151899	0.202611219	0.093810445	0.061411992	0.051257253	0.113152805	0.693898656	0.25336091	0.802481903	0.033092037	0.284384695	0.439503619	0.081695967	0.031023785	0.255429162	0.20475698	0.134436401	21539
189	H	0.270186335	0.275879917	0.021221532	0.377846791	0.453488372	0.317164179	0.016438356	0.095890411	0.243902439	0.078817734	0.08974359	0.102941176	0.050684932	0.179452055	0.084931507	0.638356164	0.05511811	0.071813285	0.41871345	0.989949749	0.097546379	0.147815679	0.13165769	0.25733094	0.139437463	0.389473684	0.598830409	0.549707602	0.092397661	0.769590643	0.321637427	0.129824561	0.18245614	0.12748538	0.360233918	0	34784
190	H	0.310746427	0.184753838	0.019587083	0.43250397	0.464712269	0.401859504	0.004895961	0.083231334	0.145833333	0.044052863	0.053738318	0.115681234	0.040391677	0.140758874	0.079559364	0.696450428	0.106060606	0.063307494	0.334993773	0.996183206	0.117571059	0.131136951	0.139534884	0.264211886	0.13372093	0.647571606	0.342465753	0.799501868	0.01867995	0.711083437	0.302615193	0.04856787	0.138231631	0.113325031	0.363636364	0	34463.5
191	H	0.33656644	0.1314258	0.022308438	0.46556741	0.4872579	0.445883441	0.004166667	0.075	0.137254902	0.051162791	0.079497908	0.070539419	0.036458333	0.113541667	0.091666667	0.717708333	0.113333333	0.06852638	0.269565217	0.986622074	0.1400849	0.135839903	0.139478472	0.200121286	0.146755609	0.688198758	0.294409938	0.571428571	0.173913043	0.727950311	0.363975155	0.039751553	0.074534161	0.094409938	0.391304348	0.161490683	31194
192	A	0.322332233	0.139163916	0.0220022	0.47139714	0.506214689	0.438370847	0.014002334	0.11201867	0.147540984	0.068322981	0.075892857	0.100244499	0.052508751	0.074679113	0.105017503	0.707117853	0.131386861	0.182506887	0.271724138	0.996296296	0.167355372	0.101928375	0.087465565	0.10399449	0.114325069	0.715862069	0.267586207	0.732413793	0.03862069	0.266206897	0.453793103	0.034482759	0.030344828	0.220689655	0.263448276	0.186206897	29868.5
193	H	0.244952894	0.174966353	0.027815164	0.552714222	0.616016427	0.503585657	0	0.086038961	0.191011236	0.082901554	0.076666667	0.094936709	0.040584416	0.080357143	0.114448052	0.719155844	0.121794872	0.072530864	0.431082331	0.96875	0.114197531	0.130144033	0.172839506	0.267489712	0.097222222	0.279370953	0.714153562	0.499537465	0.305272895	0.721554117	0.526364477	0.098982424	0.041628122	0.120259019	0.26827012	0.024976873	26644.5
194	H	0.295421512	0.168604651	0.043604651	0.471293605	0.534035656	0.420289855	0.00616808	0.121048574	0.149425287	0.124481328	0.103186646	0.139498433	0.080185042	0.056283732	0.106399383	0.713955281	0.179640719	0.128988764	0.357744108	0.988732394	0.194606742	0.115955056	0.111910112	0.15011236	0.090786517	0.43013468	0.55976431	0.691077441	0.070707071	0.547138047	0.494107744	0.063131313	0.017676768	0.20959596	0.218855219	0.276094276	22799.5
195	H	0.354389722	0.117237687	0.043361884	0.499464668	0.53674833	0.464948454	0.004287245	0.172561629	0.294642857	0.165680473	0.170124481	0.175166297	0.11039657	0.031082529	0.120042872	0.673097535	0.185185185	0.190126751	0.288065844	0.992094862	0.214809873	0.106070714	0.071380921	0.05670447	0.114743162	0.522633745	0.466392318	0.559670782	0.010973937	0.473251029	0.618655693	0.046639232	0.021947874	0.256515775	0.17558299	0.358024691	19589
196	H	0.322332233	0.139163916	0.0220022	0.47139714	0.506214689	0.438370847	0.014002334	0.11201867	0.245901639	0.086956522	0.118303571	0.105134474	0.061843641	0.074679113	0.105017503	0.707117853	0.131386861	0.182506887	0.271724138	0.996296296	0.167355372	0.101928375	0.087465565	0.10399449	0.114325069	0.715862069	0.267586207	0.732413793	0.03862069	0.266206897	0.453793103	0.034482759	0.030344828	0.220689655	0.263448276	0.186206897	24337
197	H	0.263404826	0.20844504	0.014075067	0.432975871	0.459770115	0.409547739	0	0.080495356	0.25	0.032967033	0.065625	0.095092025	0.047987616	0.069659443	0.07120743	0.777089783	0.087719298	0.053182917	0.268370607	0.993902439	0.152296535	0.156325544	0.135374698	0.19983884	0.090249799	0.742811502	0.242811502	0.424920128	0.00798722	0.864217252	0.249201278	0.028753994	0.028753994	0.071884984	0.376996805	0	33741
198	H	0.291946309	0.180462342	0.015659955	0.446681581	0.486296006	0.410676157	0.003338898	0.086811352	0.267857143	0.086956522	0.080515298	0.093587522	0.046744574	0.124373957	0.057595993	0.727045075	0.119791667	0.064545047	0.305676856	0.99408284	0.121470193	0.129986553	0.125952488	0.253697893	0.129986553	0.579039301	0.410480349	0.624454148	0.041921397	0.768558952	0.344978166	0.03930131	0.099563319	0.102183406	0.36419214	0.055895197	33240
199	H	0.327385288	0.190823015	0.026219956	0.382738529	0.443181818	0.326788219	0.003805899	0.11132255	0.298507463	0.118589744	0.087179487	0.141630901	0.057088487	0.175071361	0.081826832	0.627973359	0.116504854	0.078222222	0.234615385	1	0.108444444	0.127111111	0.126666667	0.232444444	0.154666667	0.75	0.244230769	0.444230769	0.048076923	0.735576923	0.255769231	0.042307692	0.190384615	0.107692308	0.477884615	0.071153846	37592
200	H	0.310896088	0.196466134	0.009255364	0.413125789	0.479564033	0.355799373	0	0.064154786	0.142857143	0.064885496	0.047348485	0.083700441	0.035641548	0.1700611	0.058044807	0.706720978	0.120253165	0.051519835	0.305383023	0.993902439	0.092735703	0.14992272	0.138588357	0.285419887	0.14064915	0.608695652	0.380952381	0.551759834	0.094202899	0.814699793	0.276397516	0.051759834	0.19047619	0.078674948	0.437888199	0.010351967	38950
201	H	0.289634146	0.243902439	0.024898374	0.384654472	0.477116705	0.310786106	0	0.080581242	0.179487179	0.087248322	0.074340528	0.088235294	0.048877147	0.097754293	0.101717305	0.714663144	0.125	0.162688442	0.335968379	0.996350365	0.164572864	0.094849246	0.093592965	0.109296482	0.099246231	0.768115942	0.197628458	0.815546772	0.036890646	0.425559947	0.355731225	0.204216074	0.075098814	0.288537549	0.320158103	0.197628458	27788
202	H	0.319352906	0.144397843	0.026363092	0.476333134	0.505776637	0.450561798	0.005031447	0.103144654	0.315789474	0.107692308	0.11928934	0.087281796	0.06918239	0.052830189	0.106918239	0.737106918	0.18487395	0.169642857	0.289317507	0.978448276	0.206845238	0.109375	0.089285714	0.074404762	0.110863095	0.675074184	0.314540059	0.700296736	0.03264095	0.510385757	0.397626113	0.034124629	0.019287834	0.21810089	0.253709199	0.148367953	22465
203	H	0.351606805	0.16899811	0.018903592	0.425330813	0.509197324	0.35610766	0	0.107555556	0.325842697	0.064885496	0.108374384	0.106589147	0.052444444	0.082666667	0.080888889	0.725333333	0.108695652	0.112789051	0.317288802	0.987244898	0.179801793	0.109013686	0.102878716	0.126946673	0.148655026	0.729862475	0.101178782	0.605108055	0.007858546	0.395874263	0.336935167	0.203339882	0.080550098	0.270137525	0.279960707	0.173870334	27964
204	H	0.346057047	0.156040268	0.044463087	0.416107383	0.476363636	0.364485981	0.012096774	0.138104839	0.397435897	0.147321429	0.135496183	0.141025641	0.08266129	0.084677419	0.110887097	0.661290323	0.116861436	0.130527437	0.307443366	0.994520548	0.179541822	0.093766649	0.084709643	0.146510389	0.132658498	0.702265372	0.194174757	0.708737864	0.017259978	0.398058252	0.337648328	0.125134844	0.101402373	0.259978425	0.258899676	0.195253506	25426.5
205	H	0.464891975	0.055555556	0.084876543	0.445601852	0.498761354	0.398986242	0.045021645	0.311688312	0.39408867	0.3	0.302980132	0.32123412	0.197402597	0.015584416	0.174891775	0.496969697	0.351190476	0.303425775	0.287769784	0.991631799	0.234366504	0.079390973	0.042958129	0.023382273	0.123980424	0.016443988	0.980472765	0.130524152	0.001027749	0.097636177	1	0.023638232	0.008221994	0.442959918	0.069886948	1	12181.5
206	H	0.479289941	0.044871795	0.139546351	0.4265286	0.497975709	0.358653846	0.046242775	0.27283237	0.4	0.291666667	0.268292683	0.278820375	0.166473988	0.021965318	0.146820809	0.553757225	0.224806202	0.291578202	0.204892966	0.985436893	0.215852795	0.091295117	0.048124558	0.029723992	0.154989384	0.096330275	0.892966361	0.070336391	0.001529052	0.110091743	0.986238532	0.024464832	0.01529052	0.296636086	0.110091743	0.909785933	14139
207	H	0.375137514	0.050605061	0.072607261	0.524752475	0.595428571	0.459172853	0.029350105	0.200209644	0.364963504	0.14893617	0.190019194	0.212471132	0.105870021	0.020964361	0.150943396	0.625786164	0.140206186	0.153378378	0.418918919	0.995633188	0.208783784	0.123648649	0.088513514	0.110810811	0.15472973	0.253071253	0.73955774	0.008599509	0.001228501	0.42997543	0.748157248	0.174447174	0.00982801	0.281326781	0.158476658	0.214987715	17525
208	H	0.283986175	0.184331797	0.083525346	0.471198157	0.543193717	0.414609053	0.029339853	0.168704156	0.276923077	0.16374269	0.16626506	0.171215881	0.100244499	0.041564792	0.133251834	0.652811736	0.198412698	0.128571429	0.451688009	0.98757764	0.168027211	0.133333333	0.104081633	0.11292517	0.114285714	0	0.995343423	0	0	0.158323632	0.565774156	0.060535506	0.001164144	0.300349243	0.109429569	0.498253783	19945
209	H	0.423298731	0.044405998	0.084198385	0.479238754	0.524940618	0.436098655	0.0433213	0.243080626	0.427419355	0.186046512	0.242081448	0.244215938	0.157641396	0.015643803	0.184115523	0.554753309	0.28277635	0.228096677	0.426666667	0.979919679	0.188821752	0.108761329	0.091389728	0.085347432	0.153323263	0.02	0.977333333	0.249333333	0.006666667	0.178666667	0.921333333	0.206666667	0.004	0.4	0.076	0.581333333	13176
210	H	0.416178819	0.098456626	0.067589143	0.420436402	0.47505423	0.367816092	0.001265823	0.196202532	0.34375	0.197080292	0.162100457	0.238636364	0.098734177	0.029113924	0.107594937	0.663291139	0.211065574	0.238267148	0.226851852	0.990853659	0.228158845	0.078700361	0.049097473	0.039711191	0.132851986	0.337962963	0.654320988	0.205246914	0	0.296296296	0.762345679	0.023148148	0.032407407	0.24537037	0.183641975	0.652777778	19000
211	H	0.387755102	0.140589569	0.085600907	0.382653061	0.429963459	0.341463415	0.001481481	0.118518519	0.317460317	0.105590062	0.104815864	0.133540373	0.063703704	0.053333333	0.111111111	0.714074074	0.131455399	0.109311741	0.252971138	0.994594595	0.183535762	0.097165992	0.05465587	0.070850202	0.261808367	0.775891341	0.188455008	0.718166384	0	0.580645161	0.468590832	0.052631579	0.013582343	0.198641766	0.234295416	0.084889643	25170.5
212	H	0.308624709	0.213986014	0.034498834	0.408857809	0.474559687	0.349065004	0.009122007	0.145952109	0.328767123	0.151315789	0.160824742	0.12755102	0.100342075	0.047890536	0.127708096	0.673888255	0.155145929	0.174913694	0.266119578	0.983164983	0.223820483	0.090909091	0.064441887	0.055811277	0.108745685	0.815943728	0.165298945	0.932004689	0.009378664	0.607268464	0.277842907	0.010550996	0.01992966	0.237983587	0.178194607	0.154747948	22759
213	H	0.373848179	0.152259763	0.049583151	0.405440983	0.451149425	0.366801619	0.008658009	0.122294372	0.257575758	0.191256831	0.125265393	0.119205298	0.074675325	0.056277056	0.116883117	0.704545455	0.06147541	0.124536301	0.295101553	0.97826087	0.146263911	0.095919449	0.085320615	0.109167992	0.232114467	0.850657109	0.126642772	0.887694146	0.046594982	0.338112306	0.246117085	0.078853047	0.03823178	0.258064516	0.209080048	0.002389486	25106
214	H	0.362372567	0.079703429	0.050973123	0.505097312	0.540999057	0.470373747	0.00733945	0.13853211	0.313559322	0.158798283	0.132404181	0.145348837	0.077981651	0.043119266	0.116513761	0.7	0.134969325	0.192742415	0.195822454	0.983098592	0.236168947	0.09815586	0.08328376	0.038072576	0.114217728	0.691906005	0.266318538	0.439947781	0.005221932	0.609660574	0.417754569	0.031331593	0.028720627	0.169712794	0.298955614	0.25848564	21693.5
215	H	0.303311258	0.167328918	0.025607064	0.466225166	0.511353315	0.423539519	0.003787879	0.114583333	0.194029851	0.14516129	0.108348135	0.121703854	0.072916667	0.047348485	0.077651515	0.754734848	0.107594937	0.219312602	0.210340776	0.993506494	0.218767049	0.084015276	0.080196399	0.034369885	0.104200764	0.934195065	0.03172738	0.757931845	0.023501763	0.539365452	0.17626322	0.025851939	0.041128085	0.196239718	0.297297297	0.009400705	17325.67
216	H	0.350576504	0.135867872	0.023995014	0.455905266	0.523240372	0.396359366	0.008202324	0.107313739	0.170731707	0.134146341	0.088832487	0.128888889	0.058099795	0.055365687	0.095010253	0.74025974	0.132420091	0.192504931	0.24958124	0.966861598	0.206311637	0.104142012	0.078500986	0.048915187	0.120710059	0.734505863	0.182579564	0.415410385	0.232830821	0.557788945	0.391122278	0.088777219	0.035175879	0.242043551	0.296482412	0.127303183	20898.42
217	Z	0.381723238	0.087206266	0.012532637	0.464751958	0.510309278	0.417989418	0	0.074157303	0.183673469	0.07518797	0.064646465	0.086075949	0.04494382	0.111235955	0.087640449	0.725842697	0.097744361	0.13800136	0.125203252	0.996996997	0.225696805	0.123045547	0.091094494	0.067301156	0.160435078	0.978861789	0.006504065	0.42601626	0.108943089	0.756097561	0.224390244	0.01300813	0.074796748	0.082926829	0.484552846	0	16493
218	H	0.315660285	0.166912126	0.053019146	0.47029946	0.529353234	0.412790698	0.016701461	0.130480167	0.208791209	0.134831461	0.159774436	0.093896714	0.067849687	0.048016701	0.112734864	0.707724426	0.081967213	0.123981374	0.435064935	0.986238532	0.166472643	0.106519208	0.108265425	0.121653085	0.142025611	0.551948052	0.41991342	0.708874459	0.145021645	0.409090909	0.393939394	0.153679654	0.043290043	0.264069264	0.206709957	0.018398268	21285
219	H	0.324496809	0.162002946	0.041237113	0.449680903	0.527806925	0.38099631	0.013100437	0.167030568	0.234693878	0.149253731	0.155069583	0.181598063	0.089519651	0.058951965	0.13209607	0.638646288	0.122137405	0.18907563	0.352459016	0.995983936	0.212484994	0.088835534	0.075030012	0.055822329	0.115846339	0.488290398	0.484777518	0.745901639	0.011709602	0.403981265	0.460187354	0.090163934	0.031615925	0.296252927	0.18852459	0.211943794	20556
220	H	0.363230922	0.136769078	0.011397423	0.42814668	0.46492986	0.392156863	0.013888889	0.106481481	0.305555556	0.104395604	0.107758621	0.105	0.055555556	0.056712963	0.090277778	0.74537037	0.132231405	0.186189889	0.280945758	0.935275081	0.17324291	0.100493218	0.090628853	0.091861899	0.147348952	0.705146036	0.250347705	0.716272601	0.030598053	0.467315716	0.30876217	0.087621697	0.045897079	0.178025035	0.250347705	0.002781641	26075.5
221	D	0.453416149	0.074534161	0.01863354	0.440993789	0.444444444	0.436619718	0	0.070422535	0.111111111	0.071428571	0.025	0.129032258	0.056338028	0.042253521	0.211267606	0.676056338	0.166666667	0.209677419	0.136363636	0.892857143	0.201612903	0.129032258	0.064516129	0.048387097	0.185483871	0.977272727	0	0.886363636	0.045454545	0.431818182	0.113636364	0.068181818	0.045454545	0.159090909	0.363636364	0	20893.7
222	H	0.283822683	0.280944157	0.01324122	0.378814047	0.426309379	0.336244541	0.006079027	0.101823708	0.304347826	0.094488189	0.091428571	0.113636364	0.054711246	0.045592705	0.104863222	0.746200608	0.113821138	0.128740431	0.26074896	0.966981132	0.206680585	0.107167711	0.077244259	0.071677105	0.102296451	0.833564494	0.156726768	0.936199723	0	0.567267684	0.252427184	0.058252427	0.038834951	0.235783634	0.213592233	0.13592233	25105
223	H	0.400401606	0.108835341	0.063052209	0.447389558	0.500848896	0.399390244	0.032315978	0.198384201	0.305785124	0.15625	0.198305085	0.198473282	0.123877917	0.037701975	0.167863555	0.595152603	0.254658385	0.172248804	0.338645418	0.992555831	0.228601808	0.098883573	0.080276449	0.05528974	0.144072302	0.323705179	0.664342629	0.520916335	0.030876494	0.287848606	0.722111554	0.093625498	0.022908367	0.310756972	0.15936255	0.6812749	16474
224	H	0.281268701	0.217235189	0.00598444	0.430879713	0.472584856	0.39558011	0	0.072222222	0.173913043	0.056737589	0.069060773	0.075418994	0.045833333	0.055555556	0.093055556	0.776388889	0.143884892	0.122944961	0.243204578	1	0.198713367	0.129378127	0.08649035	0.091493924	0.109363831	0.765379113	0.227467811	0.602288984	0.012875536	0.552217454	0.220314735	0.034334764	0.032904149	0.158798283	0.281831187	0.13304721	28011.5
225	H	0.286836935	0.114931238	0.010314342	0.519646365	0.548514851	0.49122807	0	0.075614367	0.2	0.055555556	0.079422383	0.071428571	0.035916824	0.056710775	0.099243856	0.760869565	0.083333333	0.08492201	0.172099087	0.995145631	0.220681687	0.132871173	0.120739457	0.110918544	0.125938764	0.728813559	0.268578879	0.116036506	0.100391134	0.937418514	0.174706649	0.026075619	0.048239896	0.05345502	0.427640156	0.003911343	32514
226	H	0.370558376	0.106137517	0.016612829	0.485002307	0.525581395	0.445054945	0.003805899	0.093244529	0.231707317	0.074074074	0.092035398	0.094650206	0.055185538	0.060894386	0.097050428	0.746907707	0.087837838	0.115315315	0.201079622	0.992555831	0.242042042	0.114114114	0.102102102	0.058858859	0.133933934	0.935222672	0.026990553	0.391363023	0.129554656	0.663967611	0.192982456	0.039136302	0.049932524	0.156545209	0.363022942	0.002699055	31225.5
227	H	0.388545761	0.062886019	0.043234138	0.522740034	0.563679245	0.485530547	0.012889366	0.184747583	0.324561404	0.157534247	0.161087866	0.209713024	0.111707841	0.018259936	0.155746509	0.640171858	0.271317829	0.211609111	0.298866856	0.992831541	0.233651727	0.107274063	0.065393093	0.053637032	0.113152094	0.3101983	0.677053824	0.018413598	0.026912181	0.322946176	0.712464589	0.055240793	0.021246459	0.236543909	0.1898017	0.684135977	16722.5
228	H	0.317279047	0.145481629	0.017378352	0.440913605	0.484848485	0.401135289	0.009009009	0.066441441	0.133333333	0.092682927	0.056034483	0.077830189	0.036036036	0.078828829	0.074324324	0.780405405	0.077464789	0.085266458	0.15862069	1	0.186206897	0.130407524	0.115360502	0.126645768	0.123510972	0.983448276	0	0.412413793	0.137931034	0.775172414	0.139310345	0.013793103	0.044137931	0.075862069	0.406896552	0	34639
229	H	0.398092968	0.101311085	0.05125149	0.447556615	0.515892421	0.38255814	0.010652463	0.150466045	0.333333333	0.087248322	0.163507109	0.133738602	0.085219707	0.033288948	0.147802929	0.665778961	0.172413793	0.222999223	0.223752151	0.996610169	0.216006216	0.083139083	0.050505051	0.04040404	0.140637141	0.526678141	0.450946644	0.709122203	0.006884682	0.313253012	0.555938038	0.027538726	0.048192771	0.251290878	0.223752151	0.43373494	21703
230	H	0.239443616	0.252359662	0.030799801	0.341281669	0.377870564	0.308056872	0	0.11790393	0.225806452	0.093333333	0.124309392	0.110769231	0.072780204	0.059679767	0.087336245	0.73216885	0.114754098	0.172126266	0.298319328	0.995633188	0.179273377	0.085169744	0.12745682	0.078022633	0.062537225	0.780112045	0.175070028	0.823529412	0.040616246	0.418767507	0.362745098	0.082633053	0.039215686	0.228291317	0.25210084	0.148459384	24482
231	H	0.243913236	0.296591412	0.010181496	0.408145197	0.452935694	0.36762226	0	0.100867679	0.276923077	0.109756098	0.090534979	0.112385321	0.04989154	0.047722343	0.104121475	0.744034707	0.119047619	0.110252447	0.329468599	0.991150442	0.19680577	0.123647604	0.082431736	0.088614116	0.086553323	0.715942029	0.262801932	0.73236715	0.001932367	0.592270531	0.239613527	0.043478261	0.026086957	0.196135266	0.229951691	0.030917874	25143
232	H	0.35	0.133838384	0.066161616	0.446969697	0.492842536	0.402195609	0.013559322	0.159322034	0.363636364	0.131386861	0.157676349	0.161290323	0.094915254	0.068926554	0.116384181	0.653107345	0.169117647	0.249838188	0.290983607	0.973856209	0.204530744	0.083495146	0.077669903	0.058252427	0.107443366	0.790983607	0.151639344	0.826502732	0.114754098	0.322404372	0.360655738	0.101092896	0.051912568	0.245901639	0.225409836	0.039617486	21651
233	A	0.333333333	0.172619048	0.06547619	0.410714286	0.5	0.346938776	0.057971014	0.217391304	0.375	0.1	0.228571429	0.205882353	0.115942029	0.014492754	0.202898551	0.565217391	0.230769231	0.291044776	0.273972603	0.933333333	0.164179104	0.104477612	0.037313433	0.067164179	0.074626866	0.246575342	0.739726027	0.246575342	0.02739726	0.219178082	0.876712329	0.068493151	0.02739726	0.397260274	0.109589041	0.726027397	23564.33
234	Z	0.334532374	0.123408965	0.006364139	0.471499723	0.504799548	0.439500814	0	0.079225352	0.218181818	0.096153846	0.055928412	0.104938272	0.046948357	0.061619718	0.072769953	0.784037559	0.089219331	0.094438615	0.168202765	0.988679245	0.263728576	0.126617698	0.091990206	0.052465897	0.120671563	0.930875576	0.056835637	0.423963134	0.138248848	0.75422427	0.175115207	0.016897081	0.023809524	0.08141321	0.423195084	0	16962
